94.565159
94.565159
94.565159
94.565212
94.565634
94.565949
94.566183
94.566356
94.566484
94.566577
94.566646
94.566697
94.566734
94.566761
94.640045
94.802458
94.802458
94.802458
94.802458
94.802458
94.802458
94.893870
94.893870
94.893870
94.893870
94.893870
94.893870
94.893870
94.893870
94.893870
94.893870
94.893870
95.031968
95.031968
95.031968
95.031968
95.031968
95.031968
95.031968
95.031968
95.031968
95.031968
95.031968
95.031968
95.031968
95.031968
95.031968
95.031968
95.031968
95.031968
95.031968
95.031968
95.031968
95.031968
95.031968
95.031968
95.031968
95.031968
95.031968
95.031968
95.031968
95.031968
95.031968
95.031968
95.031968
95.031968
95.031968
95.031968
95.031968
95.031968
95.031968
95.031968
95.031968
95.031968
95.031968
95.031968
95.031968
95.031968
95.031968
95.031968
95.031968
95.031968
95.031968
95.031968
95.031968
95.031968
95.031968
95.102414
95.102414
95.102414
95.102414
95.102414
95.102414
95.102414
95.102414
95.102414
95.102414
95.102414
95.102414
95.102414
95.102414
95.102414
95.102414
95.102414
95.102414
95.102414
95.102414
95.102414
95.102414
95.102414
95.102414
95.102414
95.102414
95.102414
95.102414
95.102414
95.102414
95.102414
95.102414
95.102414
95.102414
95.102414
95.102414
95.102414
95.102414
95.102414
95.102414
95.102414
95.102414
95.102414
95.102414
95.102414
95.102414
95.102414
95.102414
95.102414
95.102414
95.102414
95.126853
95.126853
95.126853
95.126853
95.126853
95.126853
95.126853
95.126853
95.126853
95.126853
95.126853
95.126853
95.126853
95.126853
95.126853
95.126853
95.126853
95.146548
95.146548
95.146548
95.146548
95.166932
95.310311
95.310311
95.310311
95.310311
95.310311
95.310311
95.310311
95.310311
95.310311
95.310311
95.310311
95.310311
95.310311
95.310311
95.310311
95.310311
95.310311
95.310311
95.310311
95.310311
95.310311
95.310311
95.310311
95.310311
95.310311
95.310311
95.310311
95.310311
95.310311
95.310311
95.310311
95.310311
95.310311
95.310311
95.310311
95.310311
95.316967
95.316967
95.316967
95.316967
95.316967
95.316967
95.316967
95.316967
95.316967
95.316967
95.316967
95.316967
95.316967
95.316967
95.456418
95.456418
95.456418
95.456418
95.456418
95.456418
95.456418
95.456418
95.456418
95.456418
95.456418
95.478063
95.478063
95.488348
95.511950
95.518794
95.518794
95.518794
95.518794
95.518794
95.528361
95.528361
95.531816
95.531816
95.531816
95.531816
95.531816
95.531816
95.597700
95.597700
95.597700
95.597700
95.597700
95.597700
95.597700
95.597700
95.597700
95.597700
95.597700
95.597700
95.597700
95.597700
95.597700
95.597700
95.597700
95.597700
95.597700
95.597700
95.597700
95.597700
95.597700
95.597700
95.597700
95.597787
95.597787
95.597787
95.597787
95.597787
95.597787
95.597787
95.597787
95.597787
95.597787
95.597787
95.597787
95.597787
95.597787
95.597787
95.597787
95.597787
95.597830
95.597830
95.597830
95.597830
95.597830
95.597830
95.597830
95.597830
95.597834
95.597834
95.597836
95.597836
95.597836
95.597836
95.597836
95.597836
95.597836
95.597836
95.597836
95.597836
95.597836
95.597837
95.597837
95.597837
95.597837
95.597837
95.597837
95.597837
95.597837
95.597837
95.597837
95.597837
95.597837
95.597837
95.597837
95.597837
95.597837
95.597837
95.597837
95.597837
95.597837
95.597837
95.597837
95.597837
95.617533
95.617533
95.617533
95.618823
95.619385
95.619385
95.619385
95.619385
95.619385
95.619385
95.619385
95.619385
95.619385
95.619385
95.619385
95.619385
95.619385
95.619385
95.619385
95.619385
95.619385
95.619385
95.619385
95.619385
95.619385
95.619385
95.619385
95.619385
95.619385
95.619385
95.619385
95.619385
95.619385
95.619385
95.619385
95.619385
95.619385
95.619385
95.619385
95.619385
95.619385
95.619385
95.619385
95.619385
95.619385
95.619385
95.619385
95.619385
95.619385
95.619385
95.619385
95.619385
95.619385
95.619385
95.619385
95.619385
95.619385
95.619385
95.619385
95.619385
95.619385
95.619385
95.619385
95.619385
95.619385
95.619385
95.619385
95.619385
95.619385
95.619385
95.619385
95.619385
95.619385
95.619385
95.619385
95.619385
95.619385
95.619385
95.619385
95.619385
95.619385
95.619385
95.619385
95.619385
95.619385
95.619385
95.619385
95.619385
95.619385
95.619385
95.619385
95.619385
95.619385
95.619385
95.619385
95.619385
95.619385
95.619385
95.619385
95.619385
95.619385
95.619385
95.619385
95.619385
95.619385
95.619385
95.619385
95.619385
95.619385
95.619385
95.619385
95.619385
95.619385
95.619385
95.619385
95.619385
95.619385
95.619385
95.619385
95.619385
95.619385
95.619385
95.619385
95.619385
95.619385
95.619385
95.619385
95.619385
95.619385
95.619385
95.619385
95.619385
95.619385
95.619385
95.619385
95.619385
95.619385
95.619385
95.619385
95.619385
95.619385
95.619385
95.619385
95.619385
95.619385
95.619385
95.619385
95.619385
95.619385
95.619385
95.619385
95.619385
95.619385
95.619385
95.619385
95.619385
95.619385
95.619385
95.619385
95.619385
95.619385
95.619385
95.619385
95.619385
95.619385
95.619385
95.619385
95.619385
95.619385
95.619385
95.619385
95.619385
95.619385
95.619385
95.619385
95.619385
95.619385
95.619385
95.619385
95.619385
95.619385
95.619385
95.619385
95.619385
95.619385
95.619385
95.619385
95.619385
95.619385
95.619385
95.619385
95.619385
95.619385
95.619385
95.619385
95.619385
95.619385
95.619385
95.619385
95.619385
95.619385
95.619385
95.619385
95.619385
95.619385
95.619385
95.619385
95.619385
95.619385
95.619385
95.619385
95.619385
95.619385
95.619385
95.619385
95.619385
95.619385
95.619385
95.619385
95.619385
95.619385
95.619385
95.619385
95.619385
95.619385
95.619385
95.619385
95.619385
95.619385
95.619385
95.619385
95.619385
95.619385
95.619385
95.619385
95.619385
95.619385
95.619385
95.619385
95.619385
95.619385
95.619385
95.619385
95.619385
95.619385
95.619385
95.619385
95.619385
95.619385
95.619385
95.619385
95.619385
95.619385
95.619385
95.619385
95.619385
95.619385
95.619385
95.619385
95.619385
95.619385
95.619385
95.619385
95.619385
95.619385
95.619385
95.619385
95.619385
95.619385
95.619385
95.619385
95.619385
95.619385
95.619385
95.619385
95.619385
95.619385
95.619385
95.619385
95.619385
95.619385
95.619385
95.619385
95.619385
95.619385
95.619385
95.619385
95.619385
95.619385
95.619385
95.619385
95.619385
95.619385
95.619385
95.619385
95.619385
95.619385
95.619385
95.619385
95.619385
95.619385
95.619385
95.619385
95.619385
95.619385
95.619385
95.619385
95.619385
95.619385
95.619385
95.619385
95.619385
95.619385
95.619385
95.619385
95.619385
95.619385
95.619385
95.619385
95.619385
95.619385
95.619385
95.619385
95.619385
95.619385
95.619385
95.619385
95.619385
95.619385
95.619385
95.619385
95.619385
95.619385
95.619385
95.619385
95.619385
95.619385
95.619385
95.619385
95.619385
95.619385
95.619385
95.619385
95.619385
95.619385
95.619385
95.619385
95.619385
95.619385
95.619385
95.619385
95.619385
95.619385
95.619385
95.619385
95.619385
95.619385
95.619385
95.619385
95.619385
95.619385
95.619385
95.619385
95.619385
95.619385
95.619385
95.619385
95.619385
95.619385
95.619385
95.619385
95.619385
95.619385
95.619385
95.619385
95.619385
95.619385
95.619385
95.619385
95.619385
95.619385
95.619385
95.619385
95.619385
95.619385
95.619385
95.619385
95.619385
95.619385
95.619385
95.619385
95.619385
95.619385
95.619385
95.619385
95.619385
95.619385
95.619385
95.619385
95.619385
95.619385
95.619385
95.619385
95.619385
95.619385
95.619385
95.619385
95.619385
95.619385
95.619385
95.619385
95.619385
95.619385
95.619385
95.619385
95.619385
95.619385
95.619385
95.619385
95.619385
95.619385
95.619385
95.619385
95.619385
95.619385
95.619385
95.619385
95.619385
95.619385
95.619385
95.619385
95.619385
95.619385
95.621046
95.621046
95.621046
95.621046
95.621046
95.621046
95.621046
95.621046
95.621046
95.621046
95.621046
95.621046
95.621046
95.621046
95.621046
95.621046
95.621046
95.621046
95.621046
95.621046
95.621046
95.621046
95.621046
95.621046
95.621046
95.621046
95.621046
95.621046
95.621046
