79.129582
79.555996
79.556717
79.557588
79.558207
79.558782
79.559847
79.560575
79.613386
79.769583
80.010531
80.010531
80.010531
80.023836
80.024942
80.139721
80.139745
80.139759
80.139762
80.139773
80.139780
80.139786
80.139813
80.139856
80.139927
80.140002
80.140061
80.140111
80.140151
80.140205
80.140228
80.145345
80.145345
80.145345
80.145879
80.145950
80.146890
80.238586
80.238586
80.238586
80.238586
80.317063
80.317063
80.317063
80.317063
80.317063
80.317063
80.317063
80.317063
80.317063
80.317063
80.317063
80.317063
80.317107
80.317157
80.317194
80.317241
80.317306
80.317385
80.317525
80.317619
80.320760
80.320900
80.321043
80.345877
80.345877
80.345877
80.345877
80.345877
80.345877
80.345877
80.345877
80.345877
80.345877
80.346981
80.347948
80.349008
80.350598
80.351528
80.352677
80.422261
80.422262
80.422263
80.422263
80.422263
80.422263
80.422263
80.422263
80.422263
80.422263
80.452582
80.463447
80.463447
80.463447
80.463447
80.463447
80.463496
80.463496
80.463496
80.495009
80.495009
80.495009
80.496166
80.533640
80.533640
80.533640
80.533640
80.533640
80.598023
80.598023
80.598023
80.638826
80.639049
80.640035
80.640091
80.641818
80.646190
80.646190
80.646190
80.646190
80.646190
80.646291
80.646437
80.654072
80.654810
80.655685
80.656537
80.657363
80.658230
80.659022
80.659780
80.660637
80.660637
80.660637
80.660637
80.660637
80.660637
80.660637
80.660637
80.660637
80.660637
80.660637
80.660637
80.660637
80.660637
80.660637
80.660637
80.660637
80.660637
80.660637
80.660637
80.660637
80.660637
80.660637
80.660637
80.660637
80.666284
80.666347
80.666413
80.666461
80.666461
80.666501
80.666501
80.666512
80.666512
80.666512
80.666512
80.666512
80.666512
80.666512
80.666512
80.666512
80.666512
80.666512
80.666512
80.666512
80.666512
80.666512
80.666512
80.666512
80.666512
80.666512
80.666512
80.666512
80.666512
80.666512
80.666512
80.666512
80.666512
80.666512
80.666512
80.666512
80.666512
80.666512
80.666512
80.666512
80.666512
80.666512
80.666512
80.666512
80.666530
80.666611
80.666684
80.666815
80.666901
80.666981
80.667077
80.667121
80.667164
80.667213
80.667286
80.667343
80.667407
80.667456
80.667464
80.667464
80.667464
80.667464
80.667464
80.667464
80.667464
80.667464
80.667464
80.667464
80.667464
80.667464
80.667464
80.667464
80.667464
80.667464
80.667464
80.699606
80.699606
80.699739
80.699739
80.699739
80.699739
80.699739
80.699739
80.699739
80.699772
80.699833
80.699900
80.700002
80.700081
80.700092
80.700092
80.700092
80.700092
80.700094
80.700094
80.700094
80.700094
80.700094
80.700094
80.700094
80.700094
80.700094
80.700094
80.700094
80.700094
80.700094
80.700094
80.700094
80.700094
80.700094
80.700095
80.700095
80.700095
80.700095
80.700095
80.700095
80.700095
80.700095
80.700095
80.700095
80.700095
80.700095
80.700095
80.700095
80.700095
80.700095
80.700095
80.700095
80.700095
80.700095
80.700095
80.700095
80.700095
80.700095
80.700095
80.700095
80.700095
80.700095
80.700095
80.702130
80.702233
80.702317
80.702390
80.702409
80.702409
80.702409
80.702409
80.702409
80.702409
80.702409
80.702409
80.702409
80.702409
80.702409
80.702409
80.705822
80.711526
80.711771
80.727615
80.727615
80.727615
80.727615
80.727615
80.727760
80.728015
80.728290
80.728771
80.729188
80.729549
80.729908
80.730222
80.730572
80.730846
80.731092
80.731237
80.731365
80.731554
80.731706
80.731854
80.731948
80.732122
80.732232
80.732289
80.732303
80.732303
80.732303
80.732303
80.732303
80.732303
80.732303
80.732303
80.732303
80.732303
80.732303
80.732303
80.732303
80.732303
80.732303
80.732303
80.732303
80.732303
80.732303
80.732303
80.732303
80.732303
80.732303
80.732303
80.732303
80.732303
80.733006
80.733006
80.733006
80.733104
80.733104
80.733104
80.733104
80.733104
80.733104
80.733104
80.733104
80.733104
80.733104
80.733104
80.733104
80.733104
80.733106
80.733106
80.733106
80.733106
80.733106
80.733106
80.733106
80.733106
80.733106
80.733106
80.733106
80.733106
80.733106
80.733106
80.733106
80.733106
80.733106
80.733106
80.733106
80.733106
80.733106
80.733106
80.733106
80.733127
80.733127
80.733127
80.733127
80.733127
80.733127
80.733127
80.733127
80.733127
80.733127
80.733127
80.733127
80.733127
80.733127
80.733127
80.733127
80.733127
80.733127
80.733148
80.733148
80.733148
80.733148
80.733148
80.733148
80.733148
80.733148
80.733148
80.733148
80.733148
80.733148
80.733148
80.733148
80.733148
80.733148
80.733148
80.733148
80.733148
80.733148
80.733148
80.733148
80.733148
80.733148
80.733148
80.733148
80.733148
80.733148
80.733148
80.733148
80.733148
80.733148
80.733148
80.733493
80.733493
80.733493
80.733493
80.733493
80.733493
80.733493
80.733493
80.733493
80.733493
80.733493
80.733493
80.733493
80.733493
80.733493
80.733493
80.733493
80.733493
80.733493
80.733493
80.733493
80.733493
80.733493
80.733493
80.733493
80.733493
80.733493
80.733493
80.733493
80.733493
80.733493
80.733493
80.733493
80.733493
80.733493
80.733493
80.733493
80.733493
80.733493
80.733493
80.733493
80.733493
80.733493
80.733493
80.733575
80.733575
80.733575
80.733575
80.733575
80.733588
80.733588
80.733588
80.733588
80.733588
80.733588
80.733588
80.733588
80.733588
80.733588
80.733588
80.733588
80.733588
80.733588
80.733891
80.733891
80.733891
80.733891
80.733891
80.733891
80.733891
80.733891
80.733891
80.733891
80.733891
80.733891
80.733891
80.733891
80.733891
80.733891
80.734168
80.734168
80.734168
80.734168
80.734168
80.734279
80.734279
80.734279
80.734279
80.734279
80.734279
80.734279
80.734279
80.734279
80.734279
80.734279
80.734279
80.734279
80.734279
80.734279
80.734279
80.734351
80.734351
80.734351
80.734351
80.734351
80.734351
80.734351
80.734351
80.734351
80.734351
80.734351
80.734351
80.734351
80.734399
80.734399
80.734399
80.734399
80.734399
80.734399
80.734399
80.734399
80.734399
80.734399
80.734399
80.734399
80.734399
80.734399
80.734399
80.734399
80.734399
80.734399
80.734399
80.734399
80.734399
80.734399
80.734399
80.734399
80.734399
80.734399
80.734399
80.734399
80.734399
80.734399
80.734399
80.734399
80.734399
80.734399
80.734399
80.734399
80.734399
80.734399
80.734399
80.734399
80.734399
80.734399
80.734399
80.734399
80.734399
80.734399
80.734399
80.734399
80.734399
80.734399
80.734399
80.734399
80.734399
80.734399
80.734399
80.734399
80.734399
80.734399
80.734399
80.734399
80.734399
80.734399
80.734399
80.734399
80.734399
80.734399
80.734399
80.734399
80.734399
80.734399
80.734399
80.734399
80.734399
80.734399
80.734399
80.734399
80.734399
80.734399
80.734399
80.734399
80.734399
80.734399
80.734399
80.734399
80.734399
80.734399
80.734399
80.734399
80.734399
80.734408
80.734438
80.734438
80.734438
80.734474
80.734474
80.734474
80.734474
80.734474
80.734623
80.734623
80.734623
80.734623
80.734623
80.734623
80.734623
80.734623
80.734623
80.734623
80.734623
80.734623
80.734623
80.734623
80.734623
80.734623
80.734623
80.734623
80.734623
80.734623
80.734623
80.734623
80.734623
80.734623
80.734623
80.734623
80.734623
80.734623
80.734623
80.734623
80.734623
80.734623
80.734668
80.734668
80.734668
80.734668
80.734668
80.734668
80.734668
80.734668
80.734668
80.734668
80.734668
80.734668
80.734668
80.734668
80.734668
80.734668
80.734668
80.734668
80.734668
80.734668
80.734668
80.734668
80.734668
80.734668
80.734668
80.734668
80.734668
80.734668
80.734668
80.734668
80.734668
80.734668
80.734668
80.734668
80.734668
80.734668
80.734668
80.734668
80.734668
80.734668
80.734668
80.734668
80.734668
80.734668
80.734668
80.734668
80.734668
80.734668
80.734668
80.734668
80.734668
80.734679
80.734700
80.734700
80.734700
80.734700
80.734700
80.734700
80.734700
80.734700
80.734700
80.734700
80.734700
80.734700
80.734700
80.734700
80.734700
80.734700
80.734700
80.734700
80.734700
80.734700
80.734700
80.734700
80.734700
80.734700
80.734700
80.734700
80.734700
80.734700
80.734932
80.734932
80.734932
80.734932
80.735022
80.735022
80.735022
80.735022
80.735022
80.735022
80.735022
80.735022
80.735022
80.735022
80.735022
80.735022
80.735022
80.735022
80.735022
80.735022
80.735022
80.735022
80.735022
80.735130
80.746654
80.746654
80.746654
80.746654
80.746654
80.746654
80.746654
80.746654
80.746701
80.746701
80.746701
80.746701
80.746701
80.746701
80.746701
80.746701
80.746701
80.746701
80.746701
80.746701
80.746701
80.746701
80.746701
80.746701
80.746701
80.746701
80.746701
80.746701
80.746701
80.746701
80.746701
80.746701
80.746701
80.746701
80.746701
80.746701
80.746701
80.746701
80.746701
80.746701
80.748782
80.748782
80.748782
80.748782
80.748782
80.748782
80.748782
80.748782
80.748782
80.748782
80.748782
80.748782
80.748782
80.748782
80.748782
80.748782
80.748782
80.748782
80.748782
80.748782
80.748782
80.748782
80.757368
80.757368
80.757368
80.757368
80.757368
80.757368
80.757368
80.757368
80.757368
80.757368
80.757368
80.757368
80.757368
80.757368
80.757372
80.757372
80.757372
80.757372
80.757372
80.757372
80.757372
80.757372
80.757372
80.757372
80.757372
80.757372
80.757372
80.757372
80.757372
80.757372
80.757372
80.757372
80.757372
80.757372
80.757372
80.757372
80.757372
80.757372
80.757372
80.757372
80.757372
80.757372
80.757372
80.757372
80.757372
80.757372
80.757372
80.757372
80.757372
80.757372
80.757372
80.757372
80.757372
80.757372
80.757372
80.757372
80.757372
80.757372
80.757372
80.757372
80.757372
80.757372
80.757372
80.757372
80.757372
80.757372
80.757372
80.757372
80.757372
80.757372
80.757372
80.757372
80.757372
80.757372
80.757372
80.757372
80.757372
80.757372
80.757372
80.757372
80.757372
80.757372
80.757372
80.757372
80.757372
80.757372
80.757372
80.757372
80.757372
80.757372
80.757372
80.757372
80.757372
80.757372
80.757372
80.757372
80.757372
80.757372
80.757372
80.757372
80.757372
