79.590959
80.217802
80.217802
80.217802
80.217802
80.270298
80.270298
80.270766
80.275824
80.276968
80.276968
80.276968
80.290957
80.290957
80.293171
80.293171
80.293171
80.293171
80.293205
80.293205
80.293205
80.295790
80.297489
80.298958
80.299960
80.300645
80.301714
80.301714
80.302080
80.302080
80.302114
80.302114
80.302114
80.302345
80.302345
80.302617
80.302880
80.304575
80.304575
80.313979
80.314314
80.315317
80.315884
80.325207
80.329845
80.407210
80.407210
80.407210
80.466995
80.466995
80.466995
80.496129
80.496129
80.496626
80.499825
80.499825
80.502227
80.502227
80.503946
80.503946
80.515860
80.527651
80.534567
80.534567
80.534698
80.534698
80.534893
80.535130
80.539886
80.543999
80.559757
80.559757
80.560057
80.582531
80.590782
80.594863
80.594863
80.596162
80.615278
80.616314
80.624262
80.624262
80.626997
80.627907
80.628918
80.638747
80.638877
80.638967
80.673784
80.683583
80.687703
80.689456
80.690174
80.690174
80.690174
80.725735
80.725735
80.725735
80.803457
80.910699
80.910699
80.912509
80.912509
80.912509
80.920965
80.920965
80.920965
80.925782
80.929424
80.943133
80.957473
80.957473
80.957473
80.960142
81.174869
81.176071
81.177402
81.181187
81.193953
81.200975
81.204299
81.204851
81.205424
81.205956
81.206410
81.207456
81.208496
81.209884
81.210611
81.212015
81.215277
81.216200
81.217763
81.218441
81.218544
81.218575
81.219406
81.219643
81.220887
81.222003
81.226768
81.226768
81.228346
81.228730
81.229372
81.229372
81.229372
81.232316
81.232316
81.232316
81.232355
81.232355
81.233919
81.234797
81.234797
81.235510
81.235672
81.239752
81.239752
81.240630
81.240630
81.240630
81.240630
81.240630
81.240881
81.240981
81.241422
81.327084
81.452106
81.452106
81.452184
81.452184
81.452982
81.453054
81.453318
81.473125
81.478901
81.479567
81.479567
81.480036
81.480397
81.482272
81.482272
81.483402
81.484301
81.485973
81.485973
81.485973
81.487270
81.488844
81.490760
81.491056
81.491894
81.491894
81.492424
81.493191
81.493596
81.493729
81.494129
81.494490
81.494954
81.496853
81.496853
81.496853
81.497295
81.498304
81.499417
81.500120
81.500811
81.501741
81.501741
81.502352
81.502743
81.503341
81.506157
81.506157
81.509038
81.511897
81.511897
81.511929
81.514739
81.522689
81.522689
81.532139
81.535362
81.536216
81.537822
81.537822
81.537936
81.538053
81.538053
81.538053
81.538507
81.538676
81.568224
