0 1400.933704 2482.306164
1 3503.876162 3445.041055
2 4733.618840 399.937790
3 546.613810 2723.534126
4 5285.919078 661.606232
5 1076.114004 618.643519
6 362.483688 3098.094040
7 1961.858960 527.567202
8 2766.424242 725.964157
9 1167.952523 767.218544
10 4452.438177 1096.075406
11 650.013815 3395.846116
12 4511.441521 3670.911830
13 5370.019105 776.254599
14 2738.327692 3278.361284
15 4226.456128 2663.813744
16 915.821439 956.434984
17 1507.924200 532.813999
18 4506.438342 3143.554042
19 386.195090 369.381240
20 5015.501760 864.828892
21 5165.419679 225.017445
22 4355.937328 2621.982577
23 1282.300373 3126.860210
24 1422.011469 1800.077918
25 3578.288142 885.168953
26 2208.855276 811.951388
27 2374.133079 1838.407905
28 1112.936867 1870.482733
29 4207.699790 3476.037972
30 2517.386818 349.407763
31 4253.420035 168.684193
32 4715.297055 1810.384134
33 5404.808223 288.083579
34 4132.427257 279.437173
35 3938.867241 317.013765
36 1046.043590 3852.127719
37 342.525547 2891.188108
38 1157.924456 2364.038782
39 4539.964300 2896.287629
40 735.359844 2875.451288
41 1532.428326 2661.892900
42 4589.649753 1176.361297
43 2755.707607 3552.356046
44 4298.019287 3537.169091
45 60.415808 3590.965800
46 5104.383824 1049.690290
47 1210.224457 1551.693709
48 1514.670116 1120.155136
49 4203.445060 531.155499
50 1556.627348 3411.826657
51 5289.989303 505.214115
52 4954.628520 2963.393615
53 2535.618465 515.438729
54 140.342049 3539.239348
55 4336.864425 1658.350955
56 3917.322744 3137.824667
57 1563.985120 368.595054
58 1256.929671 3170.828821
59 4951.755334 1795.552217
60 2582.435004 3083.308750
61 1720.130132 3232.533298
62 3331.215935 1966.293707
63 4549.139254 2468.614980
64 4773.934905 2702.805515
65 560.994464 3019.315928
66 1220.923520 958.712620
67 4728.523761 3241.486967
68 2952.805200 34.109227
69 1560.032257 2886.966044
70 259.995550 2153.774733
71 1327.398999 2445.587801
72 5108.300686 2291.823818
73 3355.114513 3400.109642
74 2829.071458 196.704207
75 3595.377209 17.860807
76 3944.251311 2195.414972
77 4069.064200 1517.576882
78 360.187363 1527.957521
79 75.279864 3578.926002

0 1128.083704 2286.956164
1 3231.026162 3640.391055
2 4460.768840 595.287790
3 819.463810 2918.884126
4 5013.069078 856.956232
5 803.264004 813.993519
6 635.333688 2902.744040
7 2234.708960 722.917202
8 3039.274242 530.614157
9 1440.802523 962.568544
10 4179.588177 1291.425406
11 922.863815 3200.496116
12 4784.291521 3475.561830
13 5097.169105 971.604599
14 3011.177692 3112.124693
15 3953.606128 2468.463744
16 1188.671439 761.084984
17 1780.774200 728.163999
18 4233.588342 2948.204042
19 659.045090 564.731240
20 5079.476362 1060.178892
21 5178.452562 420.367445
22 4083.087328 2426.632577
23 1009.450373 3322.210210
24 1149.161469 1995.427918
25 3851.138142 790.076363
26 1936.005276 1007.301388
27 2101.283079 2033.757905
28 1385.786867 2065.832733
29 3934.849790 3280.687972
30 2244.536818 544.757763
31 4526.270035 -26.665807
32 4442.447055 2005.734134
33 3413.855442 297.177997
34 3859.577257 474.787173
35 3666.017241 512.363765
36 773.193590 3656.777719
37 615.375547 2695.838108
38 885.074456 2559.388782
39 4267.114300 2700.937629
40 1008.209844 3070.801288
41 1259.578326 2685.270644
42 4862.499753 1371.711297
43 2730.557591 3357.006046
44 4025.169287 3341.819091
45 333.265808 3395.615800
46 4831.533824 1245.040290
47 1483.074457 1747.043709
48 1525.954257 1315.505136
49 3930.595060 726.505499
50 1283.777348 3216.476657
51 5017.139303 700.564115
52 4681.778520 3158.743615
53 2803.527151 710.788729
54 413.192049 3343.889348
55 4064.014425 1853.700955
56 3862.571466 2942.474667
57 1836.835120 563.945054
58 1529.779671 3366.178821
59 4678.905334 1600.202217
60 2855.285004 2996.884267
61 1992.980132 3037.183298
62 3058.365935 2161.643707
63 4276.289254 2273.264980
64 4501.084905 2507.455515
65 833.844464 2823.965928
66 1493.773520 1154.062620
67 4455.673761 3436.836967
68 2679.955200 229.459227
69 1832.882257 2691.616044
70 361.615535 1958.424733
71 1054.548999 2250.237801
72 4835.450686 2096.473818
73 3082.264513 3204.759642
74 2556.221458 392.054207
75 3868.227209 213.210807
76 4217.101311 2000.064972
77 3796.214200 1712.926882
78 633.037363 1332.607521
79 2306.788293 1198.313227

0 855.233704 2091.606164
1 3503.876162 3536.650089
2 4187.918840 585.612174
3 546.613810 3114.234126
4 4740.219078 1052.306232
5 701.807346 1009.343519
6 908.183688 2707.394040
7 2470.695493 918.267202
8 3312.124242 335.264157
9 1713.652523 767.218544
10 3906.738177 1486.775406
11 1195.713815 3005.146116
12 5057.141521 3280.211830
13 4824.319105 1166.954599
14 3284.027692 3307.474693
15 3680.756128 2536.687382
16 1461.521439 565.734984
17 2053.624200 923.513999
18 3960.738342 2752.854042
19 931.895090 760.081240
20 4956.888568 1255.528892
21 5153.468786 615.717445
22 3810.237328 2231.282577
23 736.600373 3480.015506
24 1422.011469 1800.077918
25 4123.988142 972.266767
26 1938.574997 1202.651388
27 1828.433079 2229.107905
28 1658.636867 2261.182733
29 3661.999790 3085.337972
30 1971.686818 740.107763
31 4549.917187 168.684193
32 4169.597055 2201.084134
33 3305.843548 492.527997
34 3586.727257 670.137173
35 191.137293 2860.351344
36 1046.043590 3461.427719
37 888.225547 2500.488108
38 612.224456 2754.738782
39 3994.264300 2651.332071
40 1281.059844 3266.151288
41 1500.007643 2640.454148
42 4589.649753 1567.061297
43 2778.722878 3305.181482
44 3752.319287 3146.469091
45 503.260476 3200.265800
46 4558.683824 1102.369208
47 1755.924457 1591.776462
48 1504.303250 1134.135205
49 3657.745060 921.855499
50 2509.105430 2927.144764
51 5128.284214 895.914115
52 4778.464052 3354.093615
53 1041.585101 3722.662384
54 686.042049 3148.539348
55 3791.164425 1757.466851
56 3549.732934 318.577511
57 2109.685120 759.295054
58 1420.642055 3425.741789
59 4406.055334 1404.852217
60 3128.135004 3162.454961
61 2265.830132 2841.833298
62 2785.515935 2356.993707
63 4003.439254 2077.914980
64 4228.234905 2312.105515
65 1106.694464 2628.615928
66 1258.168392 1349.412620
67 4182.823761 3632.186967
68 2407.105200 424.809227
69 2105.732257 2878.428694
70 166.863575 2153.774733
71 961.271690 2278.829206
72 4562.600686 2083.218972
73 2809.414513 3009.409642
74 2283.371458 587.404207
75 4141.077209 408.560807
76 3944.251311 1804.714972
77 3523.364200 1908.276882
78 905.887363 1137.257521
79 2033.938293 1393.663227

0 1128.083704 2286.956164
1 3461.136200 3429.353314
2 4460.768840 390.262174
3 597.461280 2918.884126
4 5013.069078 856.956232
5 974.657346 813.993519
6 4299.253236 1779.477104
7 2197.845493 722.917202
8 3039.274242 530.614157
9 1440.802523 798.777712
10 4178.219761 1291.425406
11 922.863815 3200.496116
12 4784.291521 3475.561830
13 5097.169105 971.604599
14 3011.177692 3235.512909
15 3953.606128 2703.162204
16 1188.671439 761.084984
17 1780.774200 728.163999
18 4233.588342 2948.204042
19 659.045090 599.051477
20 5069.917862 1060.178892
21 5176.270635 420.367445
22 4083.087328 2426.632577
23 1009.450373 3284.665506
24 1384.095581 1836.310537
25 3851.138142 803.699138
26 2211.424997 1007.301388
27 2101.283079 2033.757905
28 1385.786867 2065.832733
29 3934.849790 3261.429759
30 2244.536818 544.757763
31 4277.067187 141.777846
32 4442.447055 2005.734134
33 3578.693548 687.877997
34 3859.577257 474.787173
35 463.987293 2665.001344
36 987.826571 3636.184259
37 615.375547 2695.838108
38 885.074456 2559.388782
39 4267.114300 2846.682071
40 1008.209844 3070.801288
41 1489.571831 2681.314847
42 4651.435577 1371.711297
43 2733.695165 3500.531482
44 4025.169287 3312.401688
45 230.410476 3395.615800
46 4831.533824 1059.731982
47 1483.074457 1570.512898
48 1523.617116 1156.421757
49 3930.595060 726.505499
50 2236.255430 3122.494764
51 5333.786989 700.564115
52 5008.583802 3158.743615
53 1314.435101 3527.312384
54 413.192049 3343.889348
55 4064.014425 1637.463094
56 1037.960351 2458.562825
57 1836.835120 563.945054
58 1210.402090 3230.391789
59 4678.905334 1600.202217
60 2855.285004 3008.984244
61 1992.980132 3037.183298
62 3058.365935 2161.643707
63 4276.289254 2273.264980
64 4501.084905 2507.455515
65 833.844464 2823.965928
66 1259.854246 1154.062620
67 4402.318380 3436.836967
68 2679.955200 229.459227
69 1832.882257 2846.437836
70 345.783860 2115.766956
71 1234.121690 2474.179206
72 4835.450686 2278.568972
73 706.568231 313.562818
74 2556.221458 416.716127
75 3868.227209 213.210807
76 3976.311593 2000.064972
77 3796.214200 1712.926882
78 700.630074 1332.607521
79 1761.088293 1589.013227

0 1114.454274 2091.606164
1 3349.463265 3624.703314
2 4187.918840 585.612174
3 737.151848 2966.999109
4 4740.219078 1052.306232
5 701.807346 1009.343519
6 4026.403236 1974.827104
7 2266.403277 918.267202
8 3312.124242 481.090365
9 1713.652523 883.957349
10 3905.369761 1486.775406
11 1195.713815 3005.146116
12 4805.546724 3280.211830
13 4824.319105 1166.954599
14 3205.228322 3252.516828
15 3680.756128 2507.812204
16 1461.521439 565.734984
17 2053.624200 923.513999
18 3960.738342 2752.854042
19 931.895090 794.401477
20 4957.654875 1255.528892
21 5153.919675 615.717445
22 3810.237328 2231.282577
23 842.258514 3356.453315
24 1284.445751 1934.729701
25 4123.988142 971.862661
26 1938.574997 1202.651388
27 1828.433079 2229.107905
28 1658.636867 2261.182733
29 3661.999790 3066.079759
30 1971.686818 740.107763
31 4549.917187 71.572205
32 4169.597055 2201.084134
33 3851.543548 883.227997
34 3586.727257 670.137173
35 736.837293 2469.651344
36 832.024995 3440.834259
37 888.225547 2500.488108
38 673.261491 2754.738782
39 4033.853592 2651.332071
40 1281.059844 3213.567820
41 1233.666345 2641.315641
42 4821.153454 1567.061297
43 2779.200556 3305.181482
44 3752.319287 3117.051688
45 434.146242 3200.265800
46 4558.683824 1255.081982
47 1755.924457 1765.862898
48 1505.256358 1316.984829
49 3657.745060 921.855499
50 1963.405430 2927.144764
51 5060.936989 895.914115
52 4735.733802 3354.093615
53 1587.285101 3331.962384
54 686.042049 3148.539348
55 3791.164425 1832.813094
56 1154.020484 2185.924653
57 2109.685120 759.295054
58 1483.252090 3425.741789
59 4406.055334 1404.852217
60 3128.135004 3162.440688
61 2265.830132 2841.833298
62 2785.515935 2356.993707
63 4003.439254 2077.914980
64 4228.234905 2312.105515
65 1106.694464 2697.116896
66 3179.059103 3001.522552
67 4129.468380 3458.860875
68 2407.105200 424.809227
69 2105.732257 2701.423646
70 168.895459 2014.144555
71 961.271690 2278.829206
72 4562.600686 2083.218972
73 979.418231 508.912818
74 2283.371458 612.066127
75 4141.077209 408.560807
76 4063.474705 1804.714972
77 3523.364200 1908.276882
78 973.480074 1146.579225
79 1488.238293 1784.363227

0 841.604274 2286.956164
1 3076.613265 3429.353314
2 4460.768840 780.962174
3 1010.001848 2771.649109
4 4812.431935 3270.240445
5 974.657346 1204.693519
6 3753.553236 2170.177104
7 2539.253277 722.917202
8 3039.274242 285.740365
9 1440.802523 1079.307349
10 4178.219761 1682.125406
11 1468.563815 2809.796116
12 4532.696724 3475.561830
13 4909.646841 971.604599
14 2932.378322 3057.166828
15 3407.906128 2312.462204
16 1734.371439 761.084984
17 2326.474200 1118.863999
18 4233.588342 2557.504042
19 1204.745090 989.751477
20 4684.804875 1060.178892
21 4881.069675 811.067445
22 3537.387328 2035.932577
23 1115.108514 3551.803315
24 1557.295751 2130.079701
25 4396.838142 1167.212661
26 2079.205325 1398.001388
27 1555.583079 2424.457905
28 1931.486867 2355.494583
29 3389.149790 2870.729759
30 2244.536818 935.457763
31 4277.067187 266.922205
32 3896.747055 2005.734134
33 4124.393548 687.877997
34 3313.877257 865.487173
35 1009.687293 2274.301344
36 1104.874995 3245.484259
37 615.375547 2305.138108
38 946.111491 2950.088782
39 3761.003592 2846.682071
40 1008.209844 3018.217820
41 11.366304 3851.771363
42 5094.003454 1762.411297
43 2506.350556 3109.831482
44 4025.169287 2921.701688
45 706.996242 3004.915800
46 4285.833824 1450.431982
47 2028.774457 1961.212898
48 1232.406358 1512.334829
49 3930.595060 1117.205499
50 2236.255430 2731.794764
51 4788.086989 1091.264115
52 4833.787210 3158.743615
53 1860.135101 3136.612384
54 361.923366 749.268820
55 3645.611313 3620.952461
56 1426.870484 2381.274653
57 2382.535120 827.021640
58 1210.402090 3230.391789
59 4133.205334 1288.643407
60 3400.985004 2967.090688
61 3647.732380 1118.096024
62 2512.665935 2161.643707
63 3730.589254 2273.264980
64 4342.243712 2116.755515
65 1379.544464 2501.766896
66 2906.209103 2806.172552
67 3856.618380 3263.510875
68 2679.955200 620.159227
69 2378.582257 2506.073646
70 441.745459 2209.494555
71 1234.121690 2083.479206
72 4289.750686 2278.568972
73 990.219817 704.262818
74 2010.521458 807.416127
75 3868.227209 603.910807
76 4336.324705 1609.364972
77 3250.514200 2103.626882
78 502.575193 3521.652550
79 1215.388293 1979.713227

0 810.224761 2482.306164
1 2803.763265 3234.003314
2 4733.618840 976.312174
3 1282.851848 2576.299109
4 4539.581935 3074.890445
5 1247.507346 1400.043519
6 3480.703236 2365.527104
7 2812.103277 527.567202
8 2766.424242 380.479774
9 1167.952523 1274.657349
10 4451.069761 1746.877868
11 1741.413815 2614.446116
12 4259.846724 3670.911830
13 4855.148984 776.254599
14 2659.528322 2861.816828
15 3135.056128 2207.090143
16 2007.221439 956.434984
17 2599.324200 1314.213999
18 4506.438342 2362.154042
19 1477.595090 1185.101477
20 4411.954875 864.828892
21 4608.219675 1006.417445
22 3264.537328 1840.582577
23 1387.958514 3747.153315
24 1830.145751 2325.429701
25 4669.688142 1362.562661
26 1992.767562 1516.979948
27 3370.070966 1748.835793
28 2204.336867 2300.683554
29 3116.299790 2675.379759
30 2517.386818 1130.807763
31 4004.217187 462.272205
32 3623.897055 1810.384134
33 4397.243548 492.527997
34 3041.027257 1060.837173
35 1282.537293 2078.951344
36 1377.724995 3050.134259
37 342.525547 2109.788108
38 1218.961491 3145.438782
39 3488.153592 3042.032071
40 735.359844 2822.867820
41 284.216304 3656.421363
42 5013.367824 1957.761297
43 2233.500556 2914.481482
44 4298.019287 2767.359958
45 979.846242 2809.565800
46 4012.983824 1645.781982
47 2301.624457 2156.562898
48 959.556358 1707.684829
49 4203.445060 1312.555499
50 2509.105430 2536.444764
51 4515.236989 1286.614115
52 4773.323059 2963.393615
53 2132.985101 2941.262384
54 634.773366 944.618820
55 3372.761313 3425.602461
56 1699.720484 2545.639642
57 2655.385120 788.344036
58 937.552090 3035.041789
59 3860.355334 1356.826923
60 3673.835004 2771.740688
61 4126.391023 3784.190452
62 849.324250 2945.007784
63 3457.739254 2468.614980
64 4270.458700 1921.405515
65 1652.394464 2306.416896
66 2633.359103 2610.822552
67 3583.768380 3068.160875
68 2952.805200 815.509227
69 2651.432257 2310.723646
70 714.595459 2298.478884
71 1506.971690 1888.129206
72 4016.900686 2473.918972
73 970.421976 899.612818
74 1737.671458 1002.766127
75 3595.377209 799.260807
76 2340.203766 3736.947317
77 2977.664200 2298.976882
78 775.425193 3326.302550
79 1221.636325 2175.063227

0 1083.074761 2677.656164
1 3076.613265 3429.353314
2 4771.233301 780.962174
3 1555.701848 2714.282806
4 4266.731935 2879.540445
5 1520.357346 1595.393519
6 3207.853236 2560.877104
7 2834.663496 332.217202
8 2493.574242 575.829774
9 1375.213187 1389.377915
10 4723.919761 1551.527868
11 2014.263815 2419.096116
12 4532.696724 3727.460022
13 5127.998984 605.619553
14 2655.868556 2666.466828
15 3407.906128 2402.440143
16 1734.371439 1151.784984
17 2326.474200 1509.563999
18 4779.288342 2557.504042
19 1750.445090 1380.451477
20 4139.104875 932.588447
21 4335.369675 811.067445
22 2991.687328 1793.228201
23 1660.808514 3551.803315
24 2102.995751 2520.779701
25 4396.838142 1557.912661
26 2265.617562 1321.629948
27 3097.220966 1944.185793
28 2477.186867 2105.333554
29 1777.325702 1538.402318
30 2790.236818 1326.157763
31 3731.367187 657.622205
32 3351.047055 1615.034134
33 4670.093548 297.177997
34 2768.177257 865.487173
35 1555.387293 1883.601344
36 1447.236177 3245.484259
37 400.070098 2305.138108
38 1491.811491 2950.088782
39 3215.303592 3237.382071
40 462.509844 2627.517820
41 557.066304 3461.071363
42 4740.517824 1762.411297
43 2506.350556 2926.439984
44 4343.203995 2962.709958
45 1252.696242 2614.215800
46 4285.833824 1841.131982
47 2447.293899 1961.212898
48 1100.174778 1903.034829
49 4476.295060 1117.205499
50 2236.255430 2341.094764
51 4242.386989 1481.964115
52 5046.173059 2768.043615
53 2405.835101 2745.912384
54 907.623366 1139.968820
55 3099.911313 3230.252461
56 1972.570484 2740.989642
57 2928.235120 592.994036
58 664.702090 2945.121918
59 3587.505334 1552.176923
60 3400.985004 2576.390688
61 3853.541023 3588.840452
62 1122.174250 2749.657784
63 3730.589254 2663.964980
64 4543.308700 1726.055515
65 1925.244464 2111.066896
66 2360.509103 2415.472552
67 3310.918380 2872.810875
68 3225.655200 1010.859227
69 2378.582257 2115.373646
70 441.745459 2103.128884
71 1234.121690 1692.779206
72 4289.750686 2669.268972
73 1243.271976 1094.962818
74 2010.521458 1198.116127
75 3322.527209 611.035663
76 2613.053766 3541.597317
77 2246.871635 1052.060854
78 1048.275193 3130.952550
79 948.786325 2370.413227

0 810.224761 2873.006164
1 2803.763265 3234.003314
2 4731.306572 769.745665
3 1828.551848 2518.932806
4 3993.881935 2684.190445
5 1793.207346 1790.743519
6 2935.003236 2756.227104
7 3107.513496 297.234231
8 2559.857063 380.479774
9 1155.950662 1584.727915
10 4710.610332 1597.178842
11 2287.113815 2223.746116
12 4259.846724 3667.461671
13 4855.148984 785.966132
14 2538.132976 2471.116828
15 3135.056128 2295.285504
16 2007.221439 1347.134984
17 2599.324200 1704.913999
18 4955.696382 2362.154042
19 2023.295090 1575.801477
20 3866.254875 860.777395
21 4062.519675 1006.417445
22 2718.837328 1597.878201
23 1933.658514 3738.571303
24 2375.845751 2716.129701
25 4669.688142 1753.262661
26 5231.070995 1935.902282
27 2824.370966 2139.535793
28 2750.036867 2300.683554
29 1333.161129 2055.431916
30 3027.574578 1521.507763
31 3458.517187 852.972205
32 3078.197055 1419.684134
33 4559.045678 101.827997
34 2495.327257 1060.837173
35 1828.237293 1688.251344
36 1720.086177 3050.134259
37 339.020132 2109.788108
38 1764.661491 3145.438782
39 2942.453592 3432.732071
40 688.157157 2432.167820
41 829.916304 3265.721363
42 5013.367824 1957.761297
43 2233.500556 2731.089984
44 4295.227776 3057.257699
45 1525.546242 2418.865800
46 4428.207884 2036.481982
47 2720.143899 2156.562898
48 827.324778 2098.384829
49 4749.145060 1312.555499
50 2260.840442 2145.744764
51 3969.536989 1677.314115
52 4773.323059 2572.693615
53 2678.685101 2550.562384
54 1180.473366 1335.318820
55 2827.061313 3034.902461
56 2245.420484 2545.639642
57 3201.085120 788.344036
58 391.852090 2830.687624
59 3314.655334 1356.826923
60 3673.835004 2381.040688
61 3580.691023 3393.490452
62 1009.041541 2554.307784
63 3457.739254 2859.314980
64 4270.458700 1530.705515
65 2198.094464 1915.716896
66 2087.659103 2220.122552
67 3038.068380 2677.460875
68 3498.505200 1206.209227
69 2651.432257 1920.023646
70 714.595459 2298.478884
71 1506.971690 1497.429206
72 4016.900686 2864.618972
73 1516.121976 1290.312818
74 1737.671458 1393.466127
75 3049.677209 806.385663
76 2885.903766 3346.247317
77 2506.751394 1247.410854
78 1321.125193 2935.602550
79 1536.787726 3896.701184

0 1083.074761 2677.656164
1 2716.704185 3429.353314
2 4760.492290 633.723524
3 2101.401848 2633.148231
4 4195.302137 2488.840445
5 1989.451298 1986.093519
6 2662.153236 2951.577104
7 3063.175383 411.682058
8 2592.968003 567.153101
9 1316.759618 1401.141623
10 4619.514937 1401.828842
11 2208.536174 2028.396116
12 4316.980769 3711.338112
13 5127.998984 653.576063
14 2699.890542 2275.766828
15 3293.137909 2490.635504
16 1734.371439 1542.484984
17 2326.474200 1673.469654
18 4682.846382 2186.899548
19 2225.608647 1771.151477
20 3846.143590 913.351952
21 4076.878307 881.972302
22 2445.987328 1571.766935
23 2206.508514 3543.221303
24 2102.995751 2911.479701
25 4396.838142 1948.612661
26 4958.220995 1740.552282
27 2551.520966 2334.885793
28 2708.365033 2105.333554
29 1606.011129 1860.081916
30 2754.724578 1495.050975
31 3390.478482 1048.322205
32 2805.347055 1224.334134
33 4831.895678 285.839106
34 2222.477257 865.653207
35 2101.087293 1492.901344
36 1447.236177 3229.530455
37 383.669598 2305.138108
38 1212.589294 168.171372
39 3810.790939 3230.146813
40 545.645742 2236.817820
41 1102.766304 3070.371363
42 4765.072472 2082.879671
43 2458.907625 2718.983243
44 4330.287534 3176.583447
45 1798.396242 2223.515800
46 4589.860092 2231.831982
47 2564.209540 2249.284859
48 858.857156 2293.734829
49 4487.331962 1286.668827
50 3434.034221 968.660831
51 3696.686989 1872.664115
52 4929.417877 2377.343615
53 674.745731 633.425310
54 1453.323366 1530.668820
55 2554.211313 2839.552461
56 5114.710724 2784.506433
57 3473.935120 592.994036
58 664.702090 3026.037624
59 3041.805334 1552.176923
60 3587.229913 2185.690688
61 3307.841023 3418.049834
62 1281.891541 2358.957784
63 3265.719892 3054.664980
64 4543.308700 1609.311630
65 2470.944464 1720.366896
66 1814.809103 2024.772552
67 2765.218380 2482.110875
68 3771.355200 1401.559227
69 2752.172467 2036.741168
70 441.745459 2152.211790
71 33.710951 3837.461119
72 4166.163442 3059.968972
73 1400.909936 395.326033
74 878.153388 1323.458686
75 3262.972186 1001.735663
76 3158.753766 3150.897317
77 5205.805351 2076.763877
78 1502.348451 2740.252550
79 1263.937726 3701.351184

0 1160.623127 2672.027300
1 2989.554185 3256.330727
2 4718.727111 674.469813
3 2374.251848 2553.438212
4 4456.660988 2293.490445
5 1716.601298 2129.832626
6 2389.303236 3146.927104
7 2790.325383 342.761322
8 2633.494950 441.438987
9 1085.207032 1318.617689
10 4642.321468 1424.475121
11 1935.686174 2223.746116
12 4341.528638 3648.499858
13 5112.610991 844.536122
14 2548.162376 2471.116828
15 3531.747690 2398.969712
16 1486.786879 1737.834984
17 2059.798544 1478.119654
18 4848.843889 2382.249548
19 1952.758647 1966.501477
20 4118.993590 837.896255
21 3804.028307 736.964163
22 2718.837328 1767.116935
23 1960.689389 3347.871303
24 2090.539463 2716.129701
25 4123.988142 1808.288828
26 4685.370995 1545.202282
27 2278.670966 2530.235793
28 2435.515033 2100.678339
29 1878.861129 2055.431916
30 2792.993172 1299.700975
31 3663.328482 1243.672205
32 3072.677812 1028.984134
33 4999.888562 95.560547
34 2495.327257 816.030259
35 2373.937293 1297.551344
36 1426.956318 3311.765345
37 319.713516 2497.375468
38 1485.439294 363.521372
39 3537.940939 3425.496813
40 776.088424 2041.467820
41 1375.616304 2875.021363
42 4948.044589 1887.529671
43 2352.643748 2914.333243
44 4280.143423 3208.224555
45 1525.546242 2028.165800
46 4643.901217 2036.481982
47 2311.209128 2053.934859
48 1109.351519 2190.300302
49 4637.533716 1091.318827
50 3161.184221 1164.010831
51 3531.044582 1824.370866
52 4777.917144 2282.009809
53 947.595731 828.775310
54 1583.824382 1726.018820
55 2827.061313 2644.202461
56 4841.860724 2809.145915
57 3201.085120 590.667004
58 937.552090 2913.255106
59 2768.955334 1558.386363
60 3314.379913 1990.340688
61 1221.683236 3602.194334
62 1554.741541 2163.607784
63 3538.569892 3010.246072
64 4524.899120 1804.661630
65 87.297573 3120.832689
66 1765.164790 1829.422552
67 3038.068380 2286.760875
68 3498.505200 1596.909227
69 2479.322467 2232.091168
70 604.848204 2305.138591
71 306.560951 3642.111119
72 4417.565976 2940.698270
73 1673.759936 590.676033
74 1151.003388 1518.808686
75 3184.600792 806.385663
76 3431.603766 2955.547317
77 4932.955351 2272.113877
78 1229.498451 2544.902550
79 991.087726 3506.001184

0 1054.464093 2708.895749
1 2739.557317 3368.949728
2 4750.905957 687.123469
3 2647.101848 2590.963085
4 4183.810988 2098.140445
5 1916.954335 2267.371251
6 2116.453236 3125.761997
7 3063.175383 368.708752
8 2576.712331 498.101043
9 1264.935515 1481.857678
10 4655.512767 1461.520164
11 2208.536174 2028.396116
12 4291.863418 3696.961505
13 5081.279537 696.013397
14 2642.709516 2275.766828
15 3258.897690 2430.456845
16 1759.636879 1933.184984
17 2332.648544 1673.469654
18 4768.047488 2257.375343
19 2139.879172 2161.851477
20 3846.143590 896.236668
21 3531.178307 932.314163
22 2502.523051 1577.890664
23 2233.539389 3529.234993
24 2214.973271 2883.471624
25 4396.838142 2003.638828
26 4412.520995 1349.852282
27 2005.820966 2602.492104
28 2708.365033 2143.884488
29 2151.711129 1860.081916
30 2807.677449 1495.050975
31 3405.849792 1378.280866
32 2799.827812 1051.179817
33 4789.743569 221.707658
34 2222.477257 948.900907
35 2646.787293 1102.201344
36 1508.962878 3150.363728
37 369.047152 2302.025468
38 1758.289294 558.871372
39 3265.090939 3420.880652
40 589.779426 1846.117820
41 1648.466304 2679.671363
42 4855.692363 2034.754896
43 2372.529348 2718.983243
44 4318.753128 3125.321229
45 1507.325905 555.328980
46 4519.767219 2151.426425
47 2584.059128 2113.624363
48 836.501519 2385.650302
49 4585.578278 1286.668827
50 2888.334221 1359.360831
51 3369.070332 2019.720866
52 4874.519640 2245.149173
53 1220.445731 1024.125310
54 3478.361374 2752.244711
55 2568.941451 2448.852461
56 4569.010724 2732.148479
57 3473.935120 630.455520
58 667.125299 2963.654834
59 2561.424453 1512.505552
60 3587.229913 1794.990688
61 1494.533236 3406.844334
62 1615.137571 2098.255042
63 3340.483071 3139.817793
64 4497.451539 1609.311630
65 360.147573 2925.482689
66 1899.576391 1634.072552
67 2820.533299 2091.410875
68 3768.904985 1792.259227
69 2718.511577 2036.741168
70 526.851896 2202.894582
71 579.410951 3446.761119
72 4144.715976 3136.048270
73 1946.609936 786.026033
74 1423.853388 1714.158686
75 3179.909899 965.617050
76 3704.453766 2760.197317
77 4660.105351 2467.463877
78 1433.803808 2349.552550
79 725.307933 3380.191182

0 1114.178019 2670.564291
1 2871.867108 3377.942411
2 4746.923820 639.731186
3 2440.677928 2611.364370
4 4341.925020 1902.790445
5 1773.386031 2072.021251
6 1843.603236 3121.859034
7 2885.349325 393.732669
8 2609.339305 533.626692
9 1243.609150 1360.086683
10 4621.824178 1400.634561
11 1959.443003 2223.746116
12 4329.202659 3690.983663
13 5129.216775 713.422247
14 2655.463348 2411.853911
15 3409.325789 2467.611186
16 1624.265115 1949.866349
17 2204.837322 1487.341656
18 4727.542525 2405.853983
19 1867.029172 1966.501477
20 4044.834813 889.152879
21 3722.374486 815.169994
22 2775.373051 1754.256071
23 2086.194534 3457.775463
24 2081.484845 2701.258957
25 4268.219874 1841.963933
26 4139.670995 1202.124888
27 1849.744250 2475.429560
28 2447.381094 2097.897968
29 1519.859342 2943.649412
30 2759.519208 1307.310479
31 3551.985953 1182.930866
32 3041.677212 1174.411020
33 4896.408232 228.492550
34 2495.327257 835.217023
35 2919.637293 906.851344
36 1430.816865 3269.763845
37 362.970255 2392.927742
38 2031.139294 754.221372
39 3146.778608 3335.310603
40 618.996659 1861.733032
41 1921.316304 2624.699944
42 4814.760289 1889.844267
43 2434.348566 2859.967579
44 4313.941688 3194.969244
45 1350.660816 750.678980
46 4618.906014 1967.719394
47 2394.378149 2019.921467
48 953.202254 2198.076158
49 4524.478506 1164.155337
50 2615.484221 1554.710831
51 3641.920332 1824.370866
52 4884.607908 2363.382654
53 1493.295731 1219.475310
54 3205.511374 2787.621865
55 2841.791451 2253.502461
56 4296.160724 2800.616751
57 3201.085120 586.406687
58 771.472054 2995.938221
59 2834.274453 1560.011858
60 3431.938636 1964.047260
61 1767.383236 3377.962245
62 1887.987571 2078.581423
63 3543.961148 3026.093980
64 4543.211136 1780.345579
65 632.997573 2730.132689
66 1784.520798 1438.722552
67 3093.383299 2271.556820
68 3627.149125 1597.145686
69 2521.954556 2161.370659
70 485.361794 2197.971803
71 852.260951 3251.411119
72 4291.339206 2997.211059
73 2181.213657 981.376033
74 1696.703388 1564.195473
75 3247.835220 805.732968
76 3977.303766 2564.847317
77 4387.255351 2429.147746
78 1252.048625 2154.202550
79 626.996999 3416.322754

0 841.328019 2865.914291
1 2599.017108 3223.824487
2 4770.926803 835.081186
3 2713.527928 2416.014370
4 4069.075020 1707.440445
5 2046.236031 2267.371251
6 2116.453236 3174.198614
7 3158.199325 198.382669
8 2336.489305 338.276692
9 1369.388538 1555.436683
10 4894.674178 1595.984561
11 2232.293003 2028.396116
12 4056.352659 3726.746492
13 4856.366775 611.299319
14 2472.143042 2216.503911
15 3136.475789 2272.261186
16 1897.115115 2145.216349
17 2477.687322 1682.691656
18 5000.392525 2210.503983
19 2139.879172 2161.851477
20 3771.984813 931.356326
21 3449.524486 1010.519994
22 2502.523051 1558.906071
23 2359.044534 3653.125463
24 2354.334845 2896.608957
25 4541.069874 2037.313933
26 3866.820995 1397.474888
27 1576.894250 2670.779560
28 2720.231094 2293.247968
29 1792.709342 2748.299412
30 3032.369208 1502.660479
31 3279.135953 1378.280866
32 2768.827212 979.061020
33 4623.558232 89.615293
34 2222.477257 1030.567023
35 2646.787293 1102.201344
36 1703.666865 3074.413845
37 399.326798 2197.577742
38 2303.989294 949.571372
39 2873.928608 3530.660603
40 414.057949 1666.383032
41 2194.166304 2429.349944
42 5087.610289 2085.194267
43 2161.498566 2664.617579
44 4342.778334 2999.619244
45 1623.510816 917.205451
46 4346.056014 2163.069394
47 2667.228149 2215.271467
48 680.352254 2393.426158
49 4797.328506 1359.505337
50 2342.634221 1359.360831
51 3369.070332 2019.720866
52 4727.356985 2168.032654
53 1766.145731 1414.825310
54 2932.661374 2592.271865
55 2568.941451 2126.385683
56 4023.310724 2605.266751
57 3473.935120 781.756687
58 498.622054 2800.588221
59 2561.424453 1364.661858
60 3704.788636 1768.697260
61 2040.233236 3573.312245
62 1615.137571 2273.931423
63 3271.111148 3221.443980
64 4270.361136 1584.995579
65 905.847573 2534.782689
66 2057.370798 1243.372552
67 2820.533299 2076.206820
68 3899.999125 1792.495686
69 2794.804556 1966.020659
70 758.211794 2304.596597
71 1125.110951 3056.061119
72 4018.489206 3192.561059
73 1908.363657 1176.726033
74 1423.853388 1759.545473
75 2974.985220 1001.082968
76 4250.153766 2369.497317
77 4114.405351 2624.497746
78 1524.898625 1958.852550
79 899.846999 3220.972754

0 1114.178019 2670.564291
1 2871.867108 3419.174487
2 4714.612791 639.731186
3 2986.377928 2611.364370
4 4304.425113 1512.090445
5 1773.386031 2105.282863
6 1843.603236 3056.703241
7 2885.349325 393.732669
8 2609.339305 533.626692
9 1096.538538 1360.086683
10 4621.824178 1400.634561
11 2082.184078 2012.686399
12 4329.202659 3642.602407
13 5129.216775 806.649319
14 2744.993042 2269.832430
15 3409.325789 2467.611186
16 1624.265115 2340.566349
17 2204.837322 1567.814831
18 4727.542525 2405.853983
19 1959.179718 2313.548835
20 4044.834813 831.447572
21 3299.930830 815.169994
22 2698.032023 1728.718203
23 2086.194534 3457.775463
24 2081.484845 2742.595721
25 4268.219874 1999.207662
26 3593.970995 1202.124888
27 1304.044250 2475.429560
28 2560.050219 2097.897968
29 2065.559342 2552.949412
30 2759.519208 1386.340141
31 5154.935663 1115.716934
32 2548.531701 1174.411020
33 4896.408232 284.965293
34 2182.180702 835.217023
35 2919.637293 906.851344
36 1430.816865 3269.763845
37 313.747910 2392.927742
38 3826.535088 1601.910280
39 2601.078608 3335.310603
40 686.907949 1471.033032
41 2467.016304 2624.699944
42 4814.760289 1889.844267
43 2434.348566 2859.967579
44 4275.181479 3194.969244
45 1730.268902 1112.555451
46 4618.906014 2021.871719
47 3539.502773 1537.035878
48 953.202254 2394.456783
49 4524.478506 1164.155337
50 2069.784221 1554.710831
51 3559.735722 2011.573100
52 5000.206985 2363.382654
53 3019.171242 950.965861
54 2659.811374 2455.117565
55 2765.712811 1931.035683
56 3750.460724 2800.616751
57 3404.923340 586.406687
58 771.472054 2995.938221
59 2799.388107 1560.011858
60 3431.938636 1676.258474
61 2313.083236 3377.962245
62 50.439346 3432.964052
63 3543.961148 3026.093980
64 4543.211136 1687.034860
65 1178.697573 2339.432689
66 1784.520798 1048.022552
67 3020.619653 2159.409567
68 41.537744 3838.798164
69 3452.581592 486.446396
70 485.361794 2109.246597
71 1397.960951 2860.711119
72 4291.339206 2997.211059
73 2149.148258 1372.076033
74 1696.703388 1954.895473
75 3988.296196 552.963566
76 4523.003766 2174.147317
77 3841.555351 2819.847746
78 1252.048625 1763.502550
79 626.996999 3416.322754

0 841.328019 2865.914291
1 2599.017108 3223.824487
2 4807.027466 835.081186
3 3259.227928 2472.860663
4 4031.575113 1316.740445
5 2046.236031 2300.632863
6 1570.753236 3248.011505
7 3158.199325 231.029388
8 2429.685771 338.276692
9 1369.388538 1555.436683
10 4824.338735 1595.984561
11 2355.034078 1817.336399
12 4118.033091 3780.724603
13 4856.366775 611.299319
14 2472.143042 2074.482430
15 3136.475789 2272.261186
16 1897.115115 2535.916349
17 2477.687322 1763.164831
18 5000.392525 2210.503983
19 2232.029718 2508.898835
20 3771.984813 995.525013
21 3027.080830 1010.519994
22 2425.182023 1533.368203
23 2359.044534 3653.125463
24 2354.334845 2937.945721
25 4541.069874 2194.557662
26 3321.120995 1397.474888
27 1031.194250 2670.779560
28 2832.900219 2293.247968
29 2338.409342 2357.599412
30 3032.369208 1581.690141
31 4882.085663 1311.066934
32 2275.681701 979.061020
33 4623.558232 89.615293
34 1909.330702 1030.567023
35 2917.024810 1044.543808
36 1703.666865 3074.413845
37 454.229771 2197.577742
38 3553.685088 1797.260280
39 2328.228608 3530.660603
40 414.057949 1275.683032
41 2739.866304 2429.349944
42 5087.610289 2085.194267
43 2161.498566 2664.617579
44 4386.110196 2999.619244
45 2003.118902 1307.905451
46 4346.056014 2217.221719
47 3266.652773 1732.385878
48 680.352254 2589.806783
49 4797.328506 1359.505337
50 1652.328617 883.063969
51 3286.885722 2206.923100
52 4727.356985 2168.032654
53 2746.321242 1146.315861
54 2386.961374 2259.767565
55 2525.084919 2689.384285
56 3477.610724 2605.266751
57 3677.773340 781.756687
58 498.622054 2800.588221
59 2526.538107 1364.661858
60 3704.788636 1480.908474
61 2585.933236 3552.440527
62 323.289346 3237.614052
63 3271.111148 3221.443980
64 4272.435491 1491.684860
65 1451.547573 2144.082689
66 2057.370798 852.672552
67 2747.769653 1964.059567
68 314.387744 3643.448164
69 3179.731592 681.796396
70 758.211794 2304.596597
71 1387.361185 2665.361119
72 4018.489206 3192.561059
73 1876.298258 1567.426033
74 1639.105351 1187.800008
75 3827.028785 310.900691
76 4502.726390 1978.797317
77 3568.705351 3015.197746
78 1524.898625 1568.152550
79 899.846999 3240.105211

0 1114.178019 2670.564291
1 2871.867108 3419.174487
2 4618.170044 639.731186
3 2986.377928 2668.210663
4 4284.789966 1121.390445
5 1773.386031 2232.764121
6 1297.903236 3052.661505
7 2921.759592 426.379388
8 2702.535771 533.626692
9 1096.538538 1360.086683
10 4551.488735 1400.634561
11 2082.184078 2012.686399
12 4390.883091 3585.374603
13 5129.216775 806.649319
14 2744.993042 2269.832430
15 3409.325789 2467.611186
16 1624.265115 2340.566349
17 2204.837322 1567.814831
18 4727.542525 2356.888078
19 1963.312576 2313.548835
20 4027.578029 800.175013
21 3299.930830 815.169994
22 2650.861145 1681.088812
23 2086.194534 3457.775463
24 2081.484845 2766.116512
25 4268.219874 1999.207662
26 3048.270995 1202.124888
27 1304.044250 2475.429560
28 2560.050219 2097.897968
29 2611.259342 2162.249412
30 2759.519208 1386.340141
31 4609.235663 1506.416934
32 2548.531701 1173.882442
33 4896.408232 284.965293
34 2182.180702 835.217023
35 3189.874810 849.193808
36 1430.816865 3269.763845
37 181.379771 2392.927742
38 3280.835088 1992.610280
39 2424.299993 3335.310603
40 686.907949 1471.033032
41 2467.016304 2624.699944
42 4814.760289 1922.172278
43 2434.348566 2848.789798
44 4158.978190 3194.969244
45 1730.268902 1503.255451
46 4618.906014 2024.560006
47 2993.802773 1927.735878
48 953.202254 2394.456783
49 4524.478506 1166.394668
50 1925.178617 1078.413969
51 3511.120639 2011.573100
52 5000.206985 2363.382654
53 2473.471242 1341.665861
54 2114.111374 2455.117565
55 2656.815875 2494.034285
56 3204.760724 2800.616751
57 3404.923340 586.406687
58 771.472054 2995.938221
59 2585.873371 1560.011858
60 3449.853961 1676.258474
61 5375.496860 489.315822
62 596.139346 3042.264052
63 3494.843672 3026.093980
64 4545.285491 1687.034860
65 1724.397573 1948.732689
66 1784.520798 657.322552
67 2955.584656 2159.409567
68 587.237744 3448.098164
69 2906.881592 877.146396
70 485.361794 2109.246597
71 627.224965 786.068818
72 4290.357363 3042.725941
73 2082.705532 1762.776033
74 1911.955351 1383.150008
75 3554.178785 506.250691
76 4229.876390 1783.447317
77 3295.855351 2819.847746
78 1252.048625 1372.802550
79 1677.182800 583.998755

0 936.949447 2795.232793
1 2599.017108 3226.473001
2 4891.020044 801.792925
3 3193.345132 2472.860663
4 4011.939966 926.040445
5 2046.236031 2383.310610
6 1570.753236 3248.011505
7 3194.609592 231.029388
8 2429.685771 395.954439
9 1369.388538 1555.436683
10 4824.338735 1595.984561
11 2355.034078 1826.583468
12 4118.033091 3780.724603
13 4972.552677 611.299319
14 2472.143042 2074.482430
15 3136.475789 2330.639112
16 1897.115115 2535.916349
17 2477.687322 1763.164831
18 4891.492094 2161.538078
19 2236.162576 2318.186965
20 3754.728029 995.525013
21 3304.711278 1010.519994
22 2378.011145 1485.738812
23 2359.044534 3653.125463
24 2354.334845 2961.466512
25 4541.069874 2194.557662
26 2775.420995 1179.919661
27 1576.894250 2670.779560
28 2832.900219 2246.227099
29 2884.109342 1966.899412
30 2924.033568 1581.690141
31 4336.385663 1311.066934
32 2646.126896 978.532442
33 4623.558232 89.615293
34 1955.720153 1030.567023
35 2932.565713 828.500282
36 1680.709818 3074.413845
37 454.229771 2197.577742
38 3007.985088 2187.960280
39 2211.193905 3530.660603
40 420.698894 1294.862230
41 2476.042674 2429.349944
42 4983.789248 2117.522278
43 2216.004334 2653.439798
44 4431.828190 2999.619244
45 1780.777411 1698.605451
46 4346.056014 2219.910006
47 2720.952773 2123.085878
48 680.352254 2589.806783
49 4752.787263 1361.744668
50 2198.028617 1273.763969
51 3238.270639 2206.923100
52 4727.356985 2168.032654
53 2746.321242 1537.015861
54 3219.551849 1941.810664
55 2383.965875 2298.684285
56 2931.910724 2605.266751
57 3677.773340 729.764006
58 498.622054 2870.470113
59 2453.963636 1408.230425
60 3722.703961 1639.496859
61 5102.646860 684.665822
62 868.989346 2846.914052
63 3221.993672 3221.443980
64 4388.993885 1491.684860
65 1997.247573 1753.382689
66 2057.370798 461.972552
67 2682.734656 1964.059567
68 860.087744 3252.748164
69 2634.031592 1072.496396
70 651.778579 2304.596597
71 900.074965 981.418818
72 4017.507363 3238.075941
73 1809.855532 1958.126033
74 1639.105351 1578.500008
75 3281.328785 701.600691
76 4502.726390 1588.097317
77 3023.005351 2759.256583
78 1524.898625 1177.452550
79 1404.332800 779.348755

0 954.826655 2774.359882
1 2413.857822 3421.823001
2 4629.120586 771.467168
3 3466.195132 2604.147109
4 3739.089966 730.690445
5 2316.323012 2578.660610
6 1843.603236 3052.661505
7 3467.459592 384.840906
8 2597.942183 428.913956
9 1196.830530 1750.786683
10 4634.243972 1574.853584
11 2627.884078 1631.233468
12 4316.226580 3629.290312
13 4996.371349 752.494696
14 2716.294120 1879.132430
15 2863.625789 2360.396172
16 2169.965115 2731.266349
17 2750.537322 1958.514831
18 4847.373189 1966.188078
19 2509.012576 2513.536965
20 3481.878029 815.575464
21 3031.861278 1205.869994
22 2105.161145 1290.388812
23 2631.894534 3646.583984
24 2590.077165 3156.816512
25 4813.919874 2389.907662
26 2502.570995 1375.269661
27 1304.044250 2866.129560
28 3105.750219 2223.422365
29 2724.042725 1771.549412
30 2892.536555 1777.040141
31 4063.535663 1506.416934
32 2373.276896 783.182442
33 4578.472429 273.786849
34 1682.870153 1225.917023
35 2749.391966 1023.850282
36 1643.331609 2879.063845
37 300.228370 2002.227742
38 3280.835088 2383.310280
39 1938.343905 3671.298667
40 687.898407 1099.512230
41 2748.892674 2561.822724
42 4936.543268 2312.872278
43 2258.119223 2458.089798
44 4222.637174 2984.866908
45 2053.627411 1503.255451
46 4317.325487 2415.260006
47 2993.802773 2318.435878
48 572.048197 2785.156783
49 4542.883454 680.568868
50 2327.809664 1469.113969
51 2965.420639 2402.273100
52 4935.915760 1972.682654
53 2562.250076 1732.365861
54 2946.701849 2137.160664
55 2111.115875 2103.334285
56 2659.060724 2595.981472
57 3950.623340 706.513510
58 486.940219 2900.773933
59 2181.113636 1429.865202
60 3995.553961 1444.146859
61 4829.796860 880.015822
62 1141.839346 2651.564052
63 2949.143672 3416.793980
64 4420.070172 1296.334860
65 2270.097573 1558.032689
66 2179.584078 266.622552
67 2409.884656 1768.709567
68 1132.937744 3057.398164
69 2906.881592 1267.846396
70 607.600028 2164.908798
71 1172.924965 1121.168751
72 3744.657363 3433.425941
73 1537.005532 2153.476033
74 1366.255351 1773.850008
75 3008.478785 896.950691
76 4613.769546 1392.747317
77 2750.155351 2954.606583
78 1797.748625 982.102550
79 1131.482800 974.698755

0 1097.686572 2689.721019
1 2686.707822 3289.548933
2 4861.209967 665.866324
3 3193.345132 2550.002117
4 4011.939966 535.340445
5 2043.473012 2383.310610
6 1570.753236 3202.905216
7 3194.609592 322.104265
8 2533.197167 509.792272
9 1315.943933 1555.436683
10 4712.619510 1425.861537
11 2355.034078 1826.583468
12 4239.020437 3757.461052
13 5109.219703 656.659230
14 2545.528861 2074.482430
15 3136.475789 2444.710123
16 1897.115115 2535.916349
17 2477.687322 1763.164831
18 4762.182066 2161.538078
19 2236.162576 2450.835966
20 3754.728029 967.564030
21 3245.306418 1010.519994
22 2378.011145 1485.738812
23 2359.044534 3471.407111
24 2317.227165 2961.466512
25 4541.069874 2194.557662
26 2229.720995 1179.919661
27 1355.993526 2670.779560
28 2832.900219 2118.428807
29 2996.892725 1576.199412
30 2785.614116 1581.690141
31 3790.685663 1470.993432
32 2420.709826 978.532442
33 4851.322429 144.489087
34 1955.720153 1030.567023
35 3022.241966 828.500282
36 1464.951944 3074.413845
37 430.620895 2197.577742
38 3308.655416 2578.660280
39 2211.193905 3475.948667
40 506.834626 1294.862230
41 2476.042674 2499.537128
42 4851.960636 2117.522278
43 2401.372118 2653.439798
44 4404.918924 3180.216908
45 1780.777411 1698.605451
46 3059.058753 367.508352
47 2720.952773 2123.085878
48 844.898197 2589.806783
49 4708.621408 875.918868
50 2054.959664 1664.463969
51 3238.270639 2206.923100
52 4368.920990 3790.325286
53 2690.359880 1927.715861
54 2673.851849 2332.510664
55 2383.965875 1953.992589
56 2931.910724 2791.331472
57 3677.773340 608.107227
58 759.790219 2972.503197
59 2453.963636 1540.999312
60 3722.703961 1636.444476
61 4556.946860 1075.365822
62 1414.689346 2456.214052
63 3221.993672 3221.443980
64 4521.083215 1491.684860
65 2542.947573 1362.682689
66 1906.734078 461.972552
67 345.952794 1985.491219
68 1405.787744 2862.048164
69 2731.768556 1463.196396
70 519.469301 2266.278585
71 1445.774965 1316.518751
72 4017.507363 3238.075941
73 1809.855532 2348.826033
74 1639.105351 1969.200008
75 3257.906565 1092.300691
76 4340.919546 1588.097317
77 2544.650908 2870.746571
78 1524.898625 936.982365
79 858.632800 1170.048755

0 1122.094135 2656.207823
1 2959.557822 3484.898933
2 4588.359967 618.550906
3 2920.495132 2745.352117
4 4284.789966 584.619486
5 1770.623012 2187.960610
6 1297.903236 3007.555216
7 2921.759592 517.454265
8 2786.787367 555.160552
9 1050.392493 1360.086683
10 4439.769510 1391.307389
11 2082.184078 2021.933468
12 4511.870437 3562.111052
13 5143.893651 852.009230
14 2818.378861 2269.832430
15 3409.325789 2487.596266
16 1624.265115 2340.566349
17 2204.837322 1567.814831
18 4694.998805 2356.888078
19 1963.312576 2255.485966
20 4027.578029 772.214030
21 3518.156418 815.169994
22 2650.861145 1681.088812
23 2086.194534 3461.904789
24 2044.377165 2766.116512
25 4268.219874 1999.207662
26 1956.870995 1055.469828
27 1628.843526 2475.429560
28 2560.050219 2082.898276
29 3269.742725 1771.549412
30 2738.909496 1386.340141
31 3517.835663 1275.643432
32 2693.559826 1173.882442
33 4953.526880 339.839087
34 2228.570153 835.217023
35 3295.091966 633.150282
36 1406.297497 3269.763845
37 193.176123 2392.927742
38 3035.805416 2774.010280
39 2484.043905 3280.598667
40 779.684626 1490.212230
41 2203.192674 2694.887128
42 4779.426686 1922.172278
43 2461.849252 2848.789798
44 4132.068924 3184.958013
45 1507.927411 1893.955451
46 2901.484141 1059.020372
47 2448.102773 1927.735878
48 1117.748197 2394.456783
49 4435.771408 1071.268868
50 1932.963772 1859.813969
51 3511.120639 2011.573100
52 4641.770990 3594.975286
53 2417.509880 1732.365861
54 2401.001849 2527.860664
55 2656.815875 1944.312332
56 3204.760724 2778.327265
57 3404.923340 569.897254
58 753.337390 3017.528483
59 2726.813636 1573.360599
60 3449.853961 1831.794476
61 4284.096860 1270.715822
62 1687.539346 2260.864052
63 3494.843672 3026.093980
64 4566.165320 1687.034860
65 2815.797573 1558.032689
66 1633.884078 657.322552
67 618.802794 2180.841219
68 1678.637744 2666.698164
69 2458.918556 1658.546396
70 453.667298 2070.928585
71 1190.935491 1511.868751
72 4290.357363 3042.725941
73 2082.705532 2544.176033
74 1911.955351 1773.850008
75 3163.387665 896.950691
76 4363.451317 1783.447317
77 2817.500908 2675.396571
78 1252.048625 1132.332365
79 585.782800 1365.398755

0 1156.936818 2653.917474
1 2913.585082 3301.121800
2 4861.209967 621.767957
3 2647.645132 2550.002117
4 4477.972739 547.219904
5 1663.683501 1992.610610
6 1099.306731 3202.905216
7 2731.793075 322.104265
8 2513.937367 543.191387
9 1323.242493 1265.713040
10 4712.619510 1363.494631
11 1809.334078 2217.283468
12 4239.020437 3757.461052
13 5155.550776 656.659230
14 2545.528861 2465.182430
15 3512.598366 2479.518878
16 1529.352569 2145.216349
17 2119.553989 1372.464831
18 4726.474429 2552.238078
19 2722.687471 3500.544358
20 4213.492775 967.564030
21 3791.006418 728.712518
22 2923.711145 1876.438812
23 1988.957075 3397.318850
24 2009.002678 2570.766512
25 4182.260224 1803.857662
26 2229.720995 1138.014345
27 1658.942744 2380.297681
28 2287.200219 2074.725079
29 3508.071398 1966.899412
30 2740.364558 1190.990141
31 3694.771783 1080.293432
32 2966.409826 1265.330156
33 4940.856231 147.759330
34 2501.420153 749.698897
35 3323.189882 777.684292
36 1390.630615 3364.663027
37 466.026123 2454.878885
38 2762.955416 2749.963291
39 2756.893905 3315.662415
40 526.637037 1685.562230
41 2271.635769 2499.537128
42 4816.382074 1755.191969
43 2460.160345 2978.380997
44 4404.918924 3257.675728
45 1235.077411 2089.305451
46 3174.334141 1254.370372
47 3127.601733 3368.404664
48 923.894207 2199.106783
49 4550.664520 1146.701523
50 1983.300465 2055.163969
51 3783.970639 1816.223100
52 4914.620990 3399.625286
53 2690.359880 1556.323824
54 2128.151849 2723.210664
55 4429.631483 1454.464198
56 3102.724886 2872.192814
57 3132.073340 566.989930
58 871.897490 3001.971988
59 2999.663636 1586.842859
60 3316.061919 2027.144476
61 4011.246860 1466.065822
62 5116.628749 1323.502313
63 3737.480495 2938.987602
64 4562.133383 1882.384860
65 2542.947573 1753.382689
66 1810.873228 566.156046
67 891.652794 2376.191219
68 1951.487744 2471.348164
69 2418.601879 1853.896396
70 482.403647 2266.278585
71 1463.785491 1707.218751
72 4388.555798 2862.253828
73 2355.555532 2739.526033
74 2058.557274 1578.500008
75 3363.229947 701.600691
76 5203.895906 1596.554269
77 3090.350908 2480.046571
78 1113.044782 1128.304141
79 595.821363 1560.748755

0 1035.909968 2718.662134
1 2743.210704 3422.074638
2 4655.453591 699.386012
3 2920.495132 2641.005777
4 4205.122739 541.089910
5 1936.533501 2187.960610
6 1372.156731 3063.182489
7 3004.643075 428.833582
8 2665.616347 488.386633
9 1179.748128 1461.063040
10 4578.332323 1486.888825
11 2082.184078 2021.933468
12 4376.256098 3639.002678
13 5067.088796 761.551819
14 2726.701611 2269.832430
15 3239.748366 2420.411688
16 1802.202569 2340.566349
17 2392.403989 1567.814831
18 4776.937826 2356.888078
19 2449.837471 3305.194358
20 3940.642775 827.100226
21 3518.156418 924.062518
22 2650.861145 1681.088812
23 2261.807075 3556.479243
24 2255.448155 2766.116512
25 4455.110224 1999.207662
26 2022.554444 1178.773091
27 1386.092744 2575.647681
28 2560.050219 2156.566723
29 3235.221398 1771.549412
30 2820.174206 1386.340141
31 3421.921783 1275.643432
32 2693.559826 1069.980156
33 4784.959088 278.156277
34 2228.570153 945.048897
35 3073.937452 808.789057
36 1530.514280 3169.313027
37 280.785846 2259.528885
38 3035.805416 2912.963359
39 2484.043905 3434.925854
40 689.418053 1490.212230
41 2475.393815 2593.024043
42 4864.213999 1950.541969
43 2354.948210 2783.030997
44 4241.243056 3088.148782
45 1507.927411 1961.897939
46 3447.184141 1449.720372
47 2854.751733 3173.054664
48 892.569439 2394.456783
49 4568.866210 1299.051855
50 2090.922867 2187.525250
51 3511.120639 2011.573100
52 4839.984889 3204.275286
53 2551.652995 1751.673824
54 1855.301849 2527.860664
55 4156.781483 1649.814198
56 3940.015358 1811.104813
57 3404.923340 641.923656
58 620.964019 2955.460219
59 2726.813636 1498.626760
60 3588.911919 1831.794476
61 3738.396860 1661.415822
62 4843.778749 1518.852313
63 3464.630495 3134.337602
64 4489.514256 1687.034860
65 2815.797573 1558.032689
66 1858.465423 510.028798
67 1164.502794 2180.841219
68 2224.337744 2275.998164
69 2691.451879 2049.246396
70 536.280931 2159.591192
71 1303.600115 1511.868751
72 4115.705798 3057.603828
73 2082.705532 2726.532594
74 1785.707274 1773.850008
75 3091.233330 896.950691
76 4931.045906 1789.772996
77 2817.500908 2675.396571
78 1385.894782 987.458974
79 775.318770 1756.098755

0 1308.759968 2523.312134
1 3016.060704 3415.784714
2 4826.966484 504.036012
3 2647.645132 2725.811584
4 4477.972739 708.479543
5 1663.683501 1992.610610
6 1099.306731 3154.779841
7 2731.793075 530.965925
8 2756.601477 683.736633
9 1208.355800 1265.713040
10 4447.207226 1291.538825
11 1809.334078 2217.283468
12 4519.036646 3719.601182
13 5339.938796 748.742322
14 2686.012425 2465.182430
15 3512.598366 2615.761688
16 1529.352569 2145.216349
17 2119.553989 1372.464831
18 4504.087826 2552.238078
19 2176.987471 3109.844358
20 4213.492775 922.644151
21 3791.006418 728.712518
22 2923.711145 1876.438812
23 1988.957075 3361.129243
24 1982.598155 2570.766512
25 4182.260224 1803.857662
26 2295.404444 983.423091
27 1658.942744 2380.297681
28 2287.200219 1961.216723
29 3508.071398 1966.899412
30 2547.324206 1190.990141
31 3694.771783 1080.293432
32 2966.409826 1265.330156
33 5057.809088 250.772420
34 2501.420153 749.698897
35 3346.787452 613.439057
36 1257.664280 3364.663027
37 423.252781 2454.878885
38 2762.955416 2717.613359
39 2756.893905 3239.575854
40 701.423505 1685.562230
41 2202.543815 2658.258781
42 4591.363999 1755.191969
43 2627.798210 2978.380997
44 4370.148546 3283.498782
45 1235.077411 2157.247939
46 3720.034141 1318.429099
47 816.992584 1254.869400
48 1165.419439 2199.106783
49 4296.016210 1103.701855
50 1818.072867 2382.875250
51 3783.970639 1816.223100
52 5020.770469 3008.925286
53 2572.921222 1556.323824
54 1582.451849 2723.210664
55 3883.931483 1845.164198
56 3667.165358 2006.454813
57 3132.073340 446.573656
58 893.814019 3150.810219
59 2999.663636 1693.976760
60 3316.061919 2027.144476
61 3465.546860 1856.765822
62 1753.450213 1864.034737
63 3737.480495 2938.987602
64 4762.364256 1882.384860
65 2542.947573 1753.382689
66 1585.615423 705.378798
67 1437.352794 2376.191219
68 2497.187744 2080.648164
69 2418.601879 2244.596396
70 263.430931 2184.924368
71 1386.222809 1707.218751
72 4388.555798 2862.253828
73 2355.555532 2921.882594
74 2058.557274 1578.500008
75 3364.083330 701.600691
76 4658.195906 1985.122996
77 3090.350908 2480.046571
78 1113.044782 1182.808974
79 502.468770 1951.448755

0 1035.909968 2718.662134
1 2743.210704 3220.434714
2 4607.006376 699.386012
3 2920.495132 2530.461584
4 4205.122739 513.129543
5 1936.533501 2187.960610
6 1372.156731 3096.462918
7 3004.643075 335.615925
8 2483.751477 488.386633
9 1388.887633 1461.063040
10 4720.057226 1486.888825
11 2082.184078 2021.933468
12 4246.186646 3660.138903
13 5067.088796 587.859619
14 2475.134598 2269.832430
15 3239.748366 2420.411688
16 1802.202569 2340.566349
17 2392.403989 1567.814831
18 4776.937826 2356.888078
19 2449.837471 2914.494358
20 3940.642775 851.827511
21 3518.156418 924.062518
22 2650.861145 1681.088812
23 2261.807075 3556.479243
24 2255.448155 2766.116512
25 4455.110224 1999.207662
26 2022.554444 1178.773091
27 1386.092744 2575.647681
28 2560.050219 2156.566723
29 3235.221398 1771.549412
30 2820.174206 1386.340141
31 3421.921783 1275.643432
32 2693.559826 1069.980156
33 4784.959088 92.818626
34 2228.570153 945.048897
35 3073.937452 808.789057
36 1530.514280 3169.313027
37 269.380819 2259.528885
38 3035.805416 2912.963359
39 2484.043905 3434.925854
40 428.573505 1490.212230
41 2475.393815 2462.908781
42 4864.213999 1950.541969
43 2354.948210 2783.030997
44 4223.190505 3088.148782
45 1507.927411 1961.897939
46 3992.884141 1513.779099
47 1089.842584 1450.219400
48 892.569439 2394.456783
49 4568.866210 1299.051855
50 2090.922867 2187.525250
51 3511.120639 2011.573100
52 4747.920469 2813.575286
53 2770.949677 1751.673824
54 1855.301849 2527.860664
55 3611.081483 2040.514198
56 3394.315358 2201.804813
57 3404.923340 641.923656
58 620.964019 2955.460219
59 2726.813636 1498.626760
60 3588.911919 1831.794476
61 3192.696860 2052.115822
62 1480.600213 2059.384737
63 3464.630495 3134.337602
64 4489.514256 1687.034860
65 2815.797573 1558.032689
66 1858.465423 510.028798
67 1710.202794 2180.841219
68 2770.037744 2275.998164
69 2691.451879 2049.246396
70 536.280931 2304.205205
71 3936.931251 3089.747471
72 4115.705798 3057.603828
73 2082.705532 2726.532594
74 1785.707274 1773.850008
75 3091.233330 896.950691
76 4385.345906 1789.772996
77 2817.500908 2675.396571
78 1385.894782 987.458974
79 775.318770 2146.798755

0 1308.759968 2523.312134
1 3016.060704 3415.784714
2 4879.856376 504.036012
3 2647.645132 2725.811584
4 4477.972739 694.868029
5 1663.683501 1992.610610
6 1099.306731 3135.505822
7 2731.793075 530.965925
8 2756.601477 683.736633
9 1116.037633 1265.713040
10 4447.207226 1291.538825
11 1809.334078 2217.283468
12 4519.036646 3711.070447
13 5339.938796 783.209619
14 2747.984598 2465.182430
15 3512.598366 2615.761688
16 1529.352569 2145.216349
17 2119.553989 1372.464831
18 4504.087826 2552.238078
19 2176.987471 2719.144358
20 4213.492775 912.900069
21 3791.006418 728.712518
22 2923.711145 1876.438812
23 1988.957075 3361.129243
24 1982.598155 2570.766512
25 4182.260224 1803.857662
26 2295.404444 983.423091
27 1658.942744 2380.297681
28 2287.200219 1961.216723
29 3508.071398 1966.899412
30 2547.324206 1190.990141
31 3694.771783 1080.293432
32 2966.409826 1265.330156
33 5057.809088 288.168626
34 2501.420153 749.698897
35 3346.787452 613.439057
36 1257.664280 3364.663027
37 458.976233 2454.878885
38 2762.955416 2717.613359
39 2756.893905 3239.575854
40 701.423505 1685.562230
41 4.505767 3891.287054
42 4591.363999 1755.191969
43 2627.798210 2978.380997
44 4410.514242 3283.498782
45 1235.077411 2157.247939
46 4265.734141 1709.129099
47 1362.692584 1645.569400
48 1165.419439 2199.106783
49 4296.016210 1103.701855
50 1818.072867 2382.875250
51 3783.970639 1816.223100
52 5020.770469 2618.225286
53 2498.099677 1556.323824
54 1582.451849 2723.210664
55 3338.231483 1845.164198
56 3399.087021 2397.154813
57 3132.073340 446.573656
58 893.814019 3150.810219
59 2999.663636 1693.976760
60 3316.061919 2027.144476
61 2919.846860 2247.465822
62 1753.450213 2012.342555
63 3737.480495 2938.987602
64 4762.364256 1882.384860
65 2542.947573 1753.382689
66 1585.615423 705.378798
67 1983.052794 2376.191219
68 3042.887744 2080.648164
69 2418.601879 2244.596396
70 263.430931 2108.855205
71 3664.081251 2894.397471
72 4388.555798 2862.253828
73 2355.555532 2921.882594
74 2058.557274 1578.500008
75 3364.083330 701.600691
76 4112.495906 1985.122996
77 3090.350908 2480.046571
78 1113.044782 1182.808974
79 502.468770 2342.148755

0 1035.909968 2718.662134
1 2743.210704 3220.434714
2 4684.490711 699.386012
3 2920.495132 2530.461584
4 4205.122739 499.518029
5 1936.533501 2187.960610
6 1372.156731 3166.024557
7 3004.643075 335.615925
8 2483.751477 488.386633
9 1388.887633 1461.063040
10 4720.057226 1486.888825
11 2082.184078 2021.933468
12 4246.186646 3715.778794
13 5067.088796 587.859619
14 2475.134598 2269.832430
15 3239.748366 2420.411688
16 1802.202569 2340.566349
17 2392.403989 1567.814831
18 3905.526889 835.844367
19 2449.837471 2914.494358
20 3940.642775 917.781915
21 3518.156418 924.062518
22 2650.861145 1681.088812
23 2261.807075 3556.479243
24 2255.448155 2766.116512
25 4455.110224 1999.207662
26 2022.554444 1178.773091
27 1386.092744 2575.647681
28 2560.050219 2156.566723
29 3235.221398 1771.549412
30 2820.174206 1386.340141
31 3421.921783 1275.643432
32 2693.559826 1069.980156
33 4784.959088 92.818626
34 2228.570153 945.048897
35 3073.937452 808.789057
36 1530.514280 3169.313027
37 337.119298 2259.528885
38 3035.805416 2912.963359
39 2484.043905 3434.925854
40 428.573505 1490.212230
41 277.355767 3695.937054
42 4864.213999 1950.541969
43 2354.948210 2783.030997
44 4279.524158 3088.148782
45 1507.927411 1961.897939
46 3992.884141 1904.479099
47 1635.542584 1840.919400
48 892.569439 2394.456783
49 4568.866210 1299.051855
50 2090.922867 2187.525250
51 3511.120639 2011.573100
52 4783.196857 2342.902770
53 2770.949677 1751.673824
54 1855.301849 2527.860664
55 3065.381483 2040.514198
56 3126.237021 2437.112610
57 3404.923340 641.923656
58 620.964019 2955.460219
59 2726.813636 1498.626760
60 3588.911919 1831.794476
61 5423.226510 208.762100
62 1480.600213 2207.692555
63 3464.630495 3134.337602
64 4489.514256 1687.034860
65 2815.797573 1558.032689
66 1858.465423 510.028798
67 1710.202794 2180.841219
68 3315.737744 2275.998164
69 2691.451879 2049.246396
70 536.280931 2304.205205
71 3391.231251 2699.047471
72 4115.705798 3057.603828
73 2082.705532 2726.532594
74 1785.707274 1773.850008
75 3091.233330 896.950691
76 4385.345906 1789.772996
77 2817.500908 2675.396571
78 1385.894782 987.458974
79 775.318770 2537.498755

0 1066.917018 2723.097494
1 2666.970599 3415.784714
2 4904.658531 711.948207
3 3193.345132 2699.982135
4 3932.272739 589.343842
5 1971.321654 2383.310610
6 1645.006731 3049.291643
7 3277.493075 413.086414
8 2756.601477 467.122882
9 1116.037633 1617.012305
10 4543.865468 1465.132886
11 2355.034078 1826.583468
12 4374.989678 3650.984048
13 5072.594951 783.209619
14 2747.984598 2074.482430
15 3058.049547 2403.777984
16 1846.034517 2535.916349
17 2414.509370 1763.164831
18 4178.376889 1031.194367
19 2176.987471 2719.144358
20 3667.792775 841.726909
21 3245.306418 1071.877310
22 2378.011145 1485.738812
23 2426.112308 3492.704261
24 2237.762058 2961.466512
25 4470.644072 2194.557662
26 2288.321260 1287.418499
27 1345.050404 2770.997681
28 2832.900219 2155.058887
29 2962.371398 1576.199412
30 2831.303068 1581.690141
31 3288.086716 1470.993432
32 2420.709826 874.630156
33 4752.433486 288.168626
34 1955.720153 1050.449295
35 3082.615867 994.334098
36 1525.810447 3027.782514
37 440.058999 2244.770830
38 3308.655416 2900.657166
39 2211.193905 3491.876572
40 701.423505 1294.862230
41 550.205767 3500.587054
42 4916.532084 2145.891969
43 2341.709295 2587.680997
44 4407.508974 3161.784269
45 1780.777411 1766.547939
46 4265.734141 2099.829099
47 1908.392584 2036.269400
48 644.971218 2589.806783
49 4716.132601 1410.563175
50 2166.048022 1992.175250
51 3238.270639 2206.923100
52 5043.616312 2147.552770
53 2498.099677 1947.023824
54 1666.035284 2332.510664
55 2792.531483 1939.657923
56 2853.387021 2632.462610
57 3677.773340 646.330448
58 743.817647 2930.859011
59 1417.609993 819.505773
60 3857.465311 1636.444476
61 5150.376510 404.112100
62 1592.554154 2012.342555
63 3191.780495 3241.725998
64 950.555978 1259.594529
65 3088.647573 1362.682689
66 2086.874835 389.367462
67 1983.052794 1985.491219
68 3588.587744 2080.648164
69 2931.500478 1853.896396
70 578.962230 2108.855205
71 3118.381251 2503.697471
72 3935.573664 3252.953828
73 2795.976827 2356.832612
74 1512.857274 1969.200008
75 2803.398904 243.436556
76 4526.130816 1594.422996
77 2544.650908 2870.746571
78 1658.744782 967.650499
79 807.827480 2732.848755

0 1339.767018 2527.747494
1 2939.820599 3442.957029
2 4631.808531 516.598207
3 2920.495132 2692.125968
4 4205.122739 692.183686
5 1698.471654 2187.960610
6 1372.156731 3170.794843
7 3004.643075 595.069928
8 2696.400451 662.472882
9 1267.770206 1421.662305
10 4431.295697 1269.782886
11 2082.184078 2021.933468
12 4581.588068 3704.889554
13 5345.444951 737.330263
14 2681.421351 2269.832430
15 3330.899547 2599.127984
16 1573.184517 2340.566349
17 2141.659370 1567.814831
18 3305.728135 2056.485497
19 1904.137471 2523.794358
20 3940.642775 904.817597
21 3518.156418 876.527310
22 2650.861145 1681.088812
23 2153.262308 3297.354261
24 1964.912058 2766.116512
25 4197.794072 1999.207662
26 2067.666780 1092.068499
27 1617.900404 2575.647681
28 2560.050219 1959.708887
29 3235.221398 1771.549412
30 2558.453068 1386.340141
31 3560.936716 1275.643432
32 2693.559826 1069.980156
33 5025.283486 254.126829
34 2228.570153 855.099295
35 3355.465867 798.984098
36 1252.960447 3223.132514
37 234.350312 2440.120830
38 3035.805416 2705.307166
39 2484.043905 3296.526572
40 718.285477 1490.212230
41 823.055767 3305.237054
42 4643.682084 1950.541969
43 2614.559295 2783.030997
44 4173.037767 3357.134269
45 1507.927411 1961.897939
46 4538.584141 1904.479099
47 1635.542584 1840.919400
48 917.821218 2394.456783
49 727.352095 1.361644
50 1893.198022 2187.525250
51 3511.120639 2011.573100
52 4807.665413 2342.902770
53 429.049899 456.813516
54 642.658563 1557.530877
55 3065.381483 1744.307923
56 3126.237021 2827.812610
57 3404.923340 450.980448
58 1016.667647 3126.209011
59 1690.459993 1014.855773
60 3584.615311 1831.794476
61 4877.526510 599.462100
62 1865.404154 1971.599896
63 3464.630495 3046.375998
64 5000.162012 3567.509662
65 2815.797573 1558.032689
66 1814.024835 584.717462
67 2255.902794 2180.841219
68 3315.737744 1885.298164
69 2658.650478 2049.246396
70 306.112230 2234.239423
71 2845.531251 2308.347471
72 4208.423664 3057.603828
73 3068.826827 2552.182612
74 1785.707274 1773.850008
75 3076.248904 158.799081
76 4253.280816 1789.772996
77 2817.500908 2675.396571
78 1385.894782 1163.000499
79 534.977480 2928.198755

0 1444.734829 2447.812119
1 3212.670599 3443.630574
2 4828.827429 321.248207
3 2647.645132 2747.290944
4 4477.972739 627.695000
5 1425.621654 1992.610610
6 1099.306731 3031.133718
7 2731.793075 457.752966
8 2824.477948 776.423491
9 1077.678867 1226.312305
10 4479.655167 1074.432886
11 1809.334078 2217.283468
12 4437.362573 3639.176905
13 5381.357498 809.360943
14 2787.562526 2465.182430
15 3603.749547 2715.159021
16 1300.334517 2145.216349
17 1868.809370 1372.464831
18 3578.578135 2251.835497
19 1631.287471 2328.444358
20 4213.492775 827.867436
21 3791.006418 681.177310
22 2923.711145 1876.438812
23 1880.412308 3102.004261
24 1692.062058 2570.766512
25 3924.944072 1803.857662
26 2336.597751 896.718499
27 1890.750404 2380.297681
28 2287.200219 1797.414337
29 3508.071398 1966.899412
30 2489.226037 1190.990141
31 3833.786716 1080.293432
32 2966.409826 1265.330156
33 5298.133486 316.146020
34 2501.420153 659.749295
35 3628.315867 603.634098
36 980.110447 3418.482514
37 443.784726 2635.470830
38 903.649590 2627.271495
39 2756.893905 3101.176572
40 745.582432 1685.562230
41 1455.799022 3034.265860
42 4548.801860 1755.191969
43 2872.298784 2978.380997
44 4414.793310 3552.484269
45 1723.151583 3160.942059
46 4811.434141 1709.129099
47 1362.692584 1645.569400
48 1190.671218 2199.106783
49 1000.202095 196.711644
50 2703.640045 242.258694
51 3783.970639 1816.223100
52 5080.515413 2538.252770
53 701.899899 625.977866
54 369.808563 1752.880877
55 3338.231483 1590.480900
56 3399.087021 3023.162610
57 3132.073340 301.319586
58 1289.517647 3204.299781
59 1963.309993 1210.205773
60 3311.765311 2027.144476
61 4604.676510 794.812100
62 2138.254154 1966.307681
63 3737.480495 2851.025998
64 4727.312012 3372.159662
65 2542.947573 1753.382689
66 1541.174835 780.067462
67 2528.752794 2376.191219
68 3042.887744 1689.948164
69 2385.800478 2244.596396
70 226.579026 2080.708908
71 2572.681251 2503.697471
72 4481.273664 2862.253828
73 3341.676827 2747.532612
74 2058.557274 1578.500008
75 3349.098904 -36.550919
76 3980.430816 1985.122996
77 3090.350908 2480.046571
78 1113.044782 1358.350499
79 262.127480 3123.548755

0 1204.830426 2611.948122
1 3001.455852 3393.732370
2 4760.679989 516.598207
3 2422.560547 2646.415144
4 4437.022068 577.834339
5 1638.640346 1859.218880
6 1144.244572 3104.724856
7 2772.616183 418.055202
8 2665.466717 595.476852
9 1202.136007 1275.350927
10 4580.047217 1269.782886
11 1814.059600 2321.806732
12 4368.290551 3679.154439
13 5198.971209 741.021159
14 2685.888232 2478.916157
15 3515.639585 2530.770366
16 1501.223560 2050.802177
17 2084.255480 1377.134049
18 3851.428135 2447.185497
19 1664.754956 2133.094358
20 4175.194937 874.980224
21 3804.032720 733.828120
22 2985.126104 1864.079209
23 1980.421501 3297.354261
24 1945.525669 2587.481474
25 4146.097441 1763.953248
26 2171.022613 1056.322813
27 1712.705240 2396.082898
28 2291.940389 1992.764337
29 3448.575350 2121.492992
30 2687.084657 1195.174574
31 3676.942792 1059.642718
32 3122.540977 1250.790896
33 5025.283486 247.599062
34 2630.198418 747.880937
35 3387.834453 683.281418
36 1252.960447 3357.084190
37 375.235188 2480.144318
38 1176.499590 2724.009777
39 2914.473456 3252.342157
40 658.137555 1789.123197
41 1728.649022 2838.915860
42 4748.117125 1793.943203
43 2599.448784 2951.703140
44 4330.337429 3357.134269
45 1450.301583 2965.592059
46 3656.633392 1628.612656
47 1084.240232 2516.101526
48 1055.922503 2113.870822
49 1273.052095 392.061644
50 2430.790045 437.608694
51 3862.598454 1690.263012
52 4924.256464 2452.988145
53 974.749899 821.327866
54 642.658563 1948.230877
55 3098.270337 1785.830900
56 3215.881228 2875.924389
57 3027.475177 496.669586
58 1016.667647 3049.127495
59 2236.159993 1405.555773
60 3338.182382 2045.232676
61 4331.826510 990.162100
62 2073.050513 2050.041658
63 3680.022800 2938.085378
64 4599.739308 3176.809662
65 2441.211776 1815.330725
66 1684.132548 647.686665
67 2801.602794 2376.331618
68 3315.737744 1549.426733
69 2400.431756 2233.083267
70 419.066093 2176.269458
71 2299.831251 2308.347471
72 4394.122930 2906.040511
73 3068.826827 2842.240782
74 2032.283441 1526.097608
75 3300.139416 158.799081
76 4227.961235 1832.977802
77 3106.168542 2458.435889
78 1137.186451 1183.306056
79 515.740749 3318.898755

0 931.980426 2807.298122
1 2728.605852 3258.249429
2 4744.229026 711.948207
3 2695.410547 2451.065144
4 4164.172068 387.918351
5 1911.490346 2054.568880
6 1417.094572 3187.776202
7 3045.466183 222.705202
8 2392.616717 400.126852
9 1381.295627 1470.700927
10 4852.897217 1465.132886
11 2086.909600 2126.456732
12 4095.440551 3735.623036
13 4926.121209 617.797746
14 2498.460123 2283.566157
15 3242.789585 2335.420366
16 1774.073560 2246.152177
17 2357.105480 1572.484049
18 4124.278135 2251.835497
19 1937.604956 2328.444358
20 3902.344937 940.646305
21 3531.182720 929.178120
22 2712.276104 1668.729209
23 2253.271501 3492.704261
24 2218.375669 2782.831474
25 4418.947441 1959.303248
26 1948.500502 1251.672813
27 1439.855240 2591.432898
28 2564.790389 2188.114337
29 3175.725350 1926.142992
30 2959.934657 1390.524574
31 3404.092792 1254.992718
32 2849.690977 1055.440896
33 4752.433486 115.758574
34 2357.348418 943.230937
35 3114.984453 878.631418
36 1525.810447 3161.734190
37 368.923849 2284.794318
38 1449.349590 2919.359777
39 2641.623456 3447.692157
40 444.735126 1593.773197
41 2001.499022 2643.565860
42 5020.967125 1989.293203
43 2326.598784 2756.353140
44 4308.011854 3161.784269
45 1723.151583 2770.242059
46 3929.483392 1823.962656
47 1357.090232 2320.751526
48 783.072503 2309.220822
49 1545.902095 587.411644
50 2157.940045 632.958694
51 3589.748454 1885.613012
52 4722.540427 2257.638145
53 1247.599899 1016.677866
54 915.508563 2143.580877
55 2825.420337 1981.180900
56 2943.031228 2680.574389
57 3300.325177 692.019586
58 743.817647 2853.777495
59 1963.309993 1534.734487
60 4318.494844 847.353475
61 4058.976510 1185.512100
62 4746.641058 33.486525
63 3407.172800 3133.435378
64 4326.889308 2981.459662
65 2669.391637 10.157506
66 1956.982548 452.336665
67 653.703823 3647.753861
68 3588.587744 1744.776733
69 2673.281756 2037.733267
70 691.916093 2307.336300
71 1386.517558 1671.922506
72 4121.272930 3101.390511
73 2795.976827 2646.890782
74 1759.433441 1721.447608
75 3027.289416 354.149081
76 4500.811235 1637.627802
77 4006.232904 3403.567385
78 1410.036451 987.956056
79 788.590749 3401.250900

0 1070.215264 2689.487037
1 2455.755852 3451.901771
2 4766.985777 796.215300
3 2968.260547 2646.415144
4 3891.322068 583.268351
5 2184.340346 2249.918880
6 1689.944572 3069.359657
7 3318.316183 418.055202
8 2665.466717 505.088798
9 1125.622414 1666.050927
10 4580.047217 1632.298880
11 2359.759600 1931.106732
12 4368.290551 3654.760804
13 5149.813906 793.525228
14 2766.102255 2088.216157
15 2969.939585 2433.940594
16 2046.923560 2441.502177
17 2629.955480 1767.834049
18 4397.128135 2056.485497
19 2210.454956 2523.794358
20 3629.494937 846.742971
21 3258.332720 1124.528120
22 2439.426104 1473.379209
23 2526.121501 3688.054261
24 2491.225669 2978.181474
25 4691.797441 2154.653248
26 2221.350502 1297.366167
27 1167.005240 2786.782898
28 2837.640389 2213.021805
29 2902.875350 1730.792992
30 2752.398756 1585.874574
31 3131.242792 1450.342718
32 2576.840977 860.090896
33 4589.677832 303.788305
34 2084.498418 1138.580937
35 2842.134453 1035.348418
36 1699.455375 2966.384190
37 377.080914 2089.444318
38 4876.161878 3251.265359
39 2368.773456 3643.042157
40 717.585126 1398.423197
41 2274.349022 2448.215860
42 4798.156711 2184.643203
43 1128.298877 1969.534276
44 4338.976728 2966.434269
45 1996.001583 2574.892059
46 4202.333392 2019.312656
47 1629.940232 2125.401526
48 624.675345 2504.570822
49 1818.752095 782.761644
50 2248.212945 828.308694
51 3316.898454 2080.963012
52 4995.390427 2062.288145
53 1520.449899 1212.027866
54 1188.358563 2338.930877
55 2552.570337 2168.469873
56 2670.181228 2622.656539
57 3573.175177 675.360182
58 470.967647 2993.423559
59 3981.063353 2263.649038
60 4045.644844 1042.703475
61 3786.126510 1380.862100
62 4473.791058 228.836525
63 3134.322800 3328.785378
64 4592.383826 2786.109662
65 2942.241637 205.507506
66 2132.352203 335.472217
67 926.553823 3452.403861
68 3861.437744 1940.126733
69 2946.131756 1842.383267
70 464.013564 2120.339015
71 1398.651447 1476.572506
72 3848.422930 3296.740511
73 2523.126827 2451.540782
74 1486.583441 1916.797608
75 3179.333105 549.499081
76 4499.904635 1442.277802
77 3733.382904 3208.217385
78 1682.886451 792.606056
79 1023.578438 3287.764468

0 1001.997811 2779.125218
1 2728.605852 3256.551771
2 4721.044650 600.865300
3 3241.110547 2455.575595
4 4164.172068 415.262323
5 1911.490346 2445.268880
6 1417.094572 3255.594798
7 3045.466183 244.667497
8 2392.616717 441.410234
9 1398.472414 1470.700927
10 4838.682011 1436.948880
11 2195.119443 1851.532928
12 4123.240275 3780.896270
13 4911.277198 598.175228
14 2493.252255 2270.220978
15 886.769691 2125.860211
16 1774.073560 2561.916713
17 2357.105480 1664.271097
18 4669.978135 2251.835497
19 2216.591171 2328.444358
20 3902.344937 992.756369
21 3194.174455 929.178120
22 2661.697273 3124.968225
23 2253.271501 3492.704261
24 2218.375669 2814.368342
25 4418.947441 2054.358364
26 1948.500502 1102.016167
27 1439.855240 2591.432898
28 2693.045204 2037.894523
29 3175.725350 1535.442992
30 2962.014584 1483.319204
31 3404.092792 1382.700344
32 2356.980470 1055.440896
33 4862.527832 108.438305
34 1953.685825 943.230937
35 3114.984453 839.998418
36 1426.605375 3161.734190
37 352.050095 2284.794318
38 4603.311878 3055.915359
39 2109.167882 3447.692157
40 444.735126 1300.755418
41 2547.199022 2643.565860
42 5041.266150 1989.293203
43 1401.148877 2164.884276
44 4277.709911 3161.784269
45 1723.151583 2379.542059
46 4475.183392 2214.662656
47 1902.790232 2165.009103
48 897.525345 2505.488402
49 2091.602095 978.111644
50 1975.362945 1023.658694
51 3233.640084 2276.313012
52 1118.276807 1399.615003
53 1793.299899 1407.377866
54 3138.618776 1071.454486
55 2405.254312 1973.119873
56 2943.031228 2818.006539
57 3684.428435 576.204330
58 743.817647 2860.583786
59 3708.213353 2068.299038
60 3772.794844 1238.053475
61 3513.276510 1576.212100
62 2219.928962 759.338547
63 3407.172800 3133.435378
64 4319.533826 2590.759662
65 3215.091637 400.857506
66 1859.502203 530.822217
67 1199.403823 3257.053861
68 3638.843122 2135.476733
69 1834.462474 1880.050539
70 715.994111 2315.689015
71 1352.046362 1281.222506
72 4121.272930 3101.390511
73 2250.276827 2646.890782
74 1759.433441 2112.147608
75 3125.697993 744.849081
76 4276.324717 1637.627802
77 3460.532904 3012.867385
78 1410.036451 987.956056
79 750.728438 3483.114468

0 1274.847811 2583.775218
1 3001.455852 3451.901771
2 4819.160359 739.167022
3 2968.260547 2650.925595
4 4437.022068 610.612323
5 1638.640346 2249.918880
6 1144.244572 3060.244798
7 2772.616183 440.017497
8 2665.466717 636.760234
9 1125.622414 1275.350927
10 4565.832011 1297.486385
11 1922.269443 2046.882928
12 4396.090275 3585.546270
13 5184.127198 793.525228
14 2766.102255 2465.570978
15 1159.619691 2321.210211
16 1501.223560 2366.566713
17 2084.255480 1468.921097
18 4889.955274 2447.185497
19 1943.741171 2133.094358
20 4175.194937 797.406369
21 3467.024455 733.828120
22 2934.547273 2929.618225
23 1980.421501 3335.861584
24 1945.525669 2619.018342
25 4146.097441 1859.008364
26 2221.350502 1191.836988
27 1712.705240 2396.082898
28 2420.195204 2233.244523
29 3448.575350 1730.792992
30 2689.164584 1287.969204
31 3676.942792 1187.350344
32 2325.245042 2556.524437
33 5035.772973 303.788305
34 2226.535825 747.880937
35 3387.834453 644.648418
36 1425.800952 3357.084190
37 392.927151 2480.144318
38 4330.461878 2860.565359
39 2382.017882 3252.342157
40 717.585126 1496.105418
41 2274.349022 2448.215860
42 4768.416150 1793.943203
43 124.845036 3248.780698
44 4411.264917 3307.744521
45 1450.301583 2184.192059
46 4748.033392 2019.312656
47 2175.640232 1969.659103
48 1625.329124 1881.232416
49 2364.452095 1173.461644
50 2048.048531 1219.008694
51 3506.490084 2080.963012
52 1391.126807 1594.965003
53 2066.149899 1602.727866
54 2865.768776 1266.804486
55 2678.104312 1835.486701
56 3215.881228 2780.869796
57 3055.255862 3237.267519
58 897.971252 3055.933786
59 3435.363353 1872.949038
60 3499.944844 1433.403475
61 3240.426510 1771.562100
62 1947.078962 954.688547
63 3680.022800 2938.085378
64 4592.383826 2395.409662
65 2942.241637 596.207506
66 1586.652203 701.171248
67 1472.253823 3061.703861
68 3543.771622 1940.126733
69 2107.312474 2075.400539
70 443.144111 2120.339015
71 1423.022987 1476.572506
72 2695.248021 2259.880808
73 2058.535226 2842.240782
74 2032.283441 1916.797608
75 3398.547993 927.462675
76 4453.690634 1832.977802
77 1009.862639 2645.540307
78 1137.186451 1183.306056
79 477.878438 3287.764468

0 1001.997811 2779.125218
1 2728.605852 3256.551771
2 4607.390880 543.817022
3 2695.410547 2498.387146
4 4164.172068 415.262323
5 1911.490346 2054.568880
6 1417.094572 3255.594798
7 3045.466183 262.233850
8 2459.976932 441.410234
9 1398.472414 1470.700927
10 4788.465186 1492.836385
11 2195.119443 2184.904185
12 4150.168970 3780.896270
13 4953.666677 598.175228
14 2493.252255 2270.220978
15 1432.469691 2516.560211
16 1774.073560 2171.216713
17 2357.105480 1664.271097
18 4617.105274 2251.835497
19 2062.252159 2128.479294
20 3902.344937 992.756369
21 3505.365697 929.178120
22 2661.697273 2734.268225
23 2253.271501 3531.211584
24 2218.375669 2814.368342
25 4418.947441 2054.358364
26 1948.500502 1094.655042
27 3641.961800 468.875931
28 2693.045204 2037.894523
29 3175.725350 1926.142992
30 2962.014584 1483.319204
31 3404.092792 1382.700344
32 2598.095042 2361.174437
33 4762.922973 108.438305
34 2462.522725 943.230937
35 3114.984453 839.998418
36 1549.613472 3161.734190
37 309.574043 2284.794318
38 4057.611878 2794.053237
39 2654.867882 3447.692157
40 444.735126 1677.795196
41 2547.199022 2643.565860
42 4993.662184 1989.293203
43 397.695036 3053.430698
44 4138.414917 3112.394521
45 1723.151583 1988.842059
46 4475.183392 2125.061928
47 2448.490232 2165.009103
48 1352.479124 2076.582416
49 2637.302095 1341.152258
50 2028.437106 1414.358694
51 3611.309156 1885.613012
52 1663.976807 1790.315003
53 2338.999899 1798.077866
54 2592.918776 1462.154486
55 2848.906438 2030.836701
56 2943.031228 2757.097447
57 3328.105862 3041.917519
58 625.121252 2860.583786
59 3162.513353 1677.599038
60 3586.753005 1628.753475
61 2967.576510 1966.912100
62 1674.228962 1150.038547
63 3407.172800 3133.435378
64 4383.691298 2200.059662
65 2716.816232 791.557506
66 1859.502203 505.821248
67 1745.103823 2866.353861
68 3816.621622 1747.828733
69 2380.162474 2067.048346
70 650.965210 2315.689015
71 1280.654815 1544.800463
72 2968.098021 2455.230808
73 2110.513981 2646.890782
74 1759.433441 1721.447608
75 726.365836 3412.909333
76 4184.471545 1637.627802
77 1282.712639 2751.931767
78 1410.036451 987.956056
79 1908.392731 1460.938624

0 1079.999460 2647.674933
1 2609.735837 3451.901771
2 4880.240880 739.167022
3 2968.260547 2693.737146
4 3891.322068 610.612323
5 4660.167614 1859.783911
6 1689.944572 3060.244798
7 3318.316183 457.583850
8 2732.826932 527.561287
9 1125.622414 1666.050927
10 4515.615186 1510.352872
11 2467.969443 1989.554185
12 4423.018970 3585.546270
13 5226.516677 793.525228
14 2766.102255 2074.870978
15 1705.319691 2321.210211
16 2006.199002 2366.566713
17 2588.138661 1859.621097
18 4889.955274 2056.485497
19 2335.102159 2323.829294
20 3629.494937 797.406369
21 3232.515697 1124.528120
22 2388.847273 2538.918225
23 2526.121501 3601.703756
24 2415.008831 3009.718342
25 4648.476255 2249.708364
26 2221.350502 1290.005042
27 3369.111800 664.225931
28 2965.895204 2233.244523
29 2902.875350 1730.792992
30 2689.164584 1678.669204
31 3231.790727 1578.050344
32 2325.245042 2165.824437
33 4720.649224 303.788305
34 2189.672725 1129.791356
35 2902.977672 981.331534
36 1556.864657 2974.652560
37 480.696546 2124.167043
38 3784.761878 2989.403237
39 2382.017882 3534.606856
40 717.585126 1482.445196
41 2562.366459 2448.215860
42 4720.812184 2184.643203
43 670.545036 2858.080698
44 4411.264917 3054.776129
45 1996.001583 1793.492059
46 4469.554713 2320.411928
47 2721.340232 2176.394796
48 1079.629124 2271.932416
49 2910.152095 1422.531143
50 2301.287106 1609.708694
51 3338.459156 2080.963012
52 1936.826807 1985.665003
53 2611.849899 1993.427866
54 1331.457868 3114.035425
55 1146.517408 3361.783742
56 2670.181228 2597.516074
57 3600.955862 2846.567519
58 642.210385 3055.933786
59 2408.611628 3218.414385
60 3859.603005 1433.403475
61 3240.426510 2162.262100
62 1401.378962 1345.388547
63 3134.322800 3316.153187
64 4634.444065 2004.709662
65 2989.666232 986.907506
66 2132.352203 357.391564
67 2017.953823 2671.003861
68 3854.887806 1943.178733
69 2113.226906 2243.501391
70 558.659942 1396.948396
71 1553.504815 1349.450463
72 3240.948021 2650.580808
73 1837.663981 2517.413500
74 1486.583441 1916.797608
75 999.215836 3217.559333
76 4112.397394 2419.854062
77 1064.400178 1267.491311
78 1682.886451 901.348223
79 1635.542731 1656.288624

0 1352.849460 2452.324933
1 2882.585837 3378.303688
2 4607.390880 543.817022
3 2695.410547 2666.597542
4 4164.172068 634.408096
5 4387.317614 1664.433911
6 1417.094572 3166.420923
7 3045.466183 501.795004
8 2679.365381 722.911287
9 1278.170086 1470.700927
10 4517.217228 1315.002872
11 2195.119443 2184.904185
12 4470.213185 3780.896270
13 5345.590420 708.062556
14 2634.590168 2270.220978
15 1978.169691 2516.560211
16 1733.349002 2171.216713
17 2315.288661 1664.271097
18 4617.105274 2251.835497
19 2062.252159 2128.479294
20 3902.344937 966.952536
21 3505.365697 929.178120
22 1779.696722 799.085754
23 2253.271501 3406.353756
24 2142.158831 2814.368342
25 4375.626255 2054.358364
26 2123.452397 1094.655042
27 3096.261800 859.575931
28 2693.045204 2037.894523
29 3175.725350 1926.142992
30 2510.049740 1483.319204
31 3504.640727 1382.700344
32 2598.095042 1970.474437
33 4993.499224 217.344552
34 2462.522725 934.441356
35 3175.827672 785.981534
36 1284.014657 3170.002560
37 207.846546 2319.517043
38 3511.911878 2794.053237
39 2654.867882 3339.256856
40 666.167497 1677.795196
41 2289.516459 2643.565860
42 4621.695797 1989.293203
43 943.395036 3053.430698
44 4173.717309 3250.126129
45 1723.151583 1988.842059
46 4742.404713 2125.061928
47 2448.490232 1981.044796
48 1352.479124 2076.582416
49 3183.002095 1227.181143
50 2028.437106 1805.058694
51 3611.309156 1885.613012
52 491.987133 2225.401646
53 2503.070909 1798.077866
54 1058.607868 3309.385425
55 2180.670735 1412.732763
56 2943.031228 2792.866074
57 3328.105862 2651.217519
58 915.060385 3163.556790
59 2681.461628 3023.064385
60 3586.753005 1628.753475
61 2967.576510 2357.612100
62 1674.228962 1540.738547
63 3407.172800 3120.803187
64 762.883601 310.045795
65 2716.816232 1182.257506
66 1859.502203 552.741564
67 2290.803823 2866.353861
68 3582.037806 1747.828733
69 1840.376906 2438.851391
70 285.809942 1592.298396
71 5042.821577 1771.561497
72 3513.798021 2455.230808
73 2110.513981 2712.763500
74 1759.433441 1721.447608
75 1272.065836 3022.209333
76 4059.160055 2224.504062
77 2936.952174 1051.383841
78 1410.036451 1096.698223
79 1362.692731 1851.638624

0 1079.999460 2647.674933
1 2609.735837 3317.869208
2 4880.240880 739.167022
3 2968.260547 2478.080314
4 3891.322068 439.058096
5 4114.467614 1859.783911
6 1689.944572 3109.810809
7 3318.316183 306.445004
8 2436.623821 527.561287
9 1258.911498 1666.050927
10 4790.067228 1510.352872
11 2467.969443 1989.554185
12 4197.363185 3630.662524
13 5072.740420 687.166784
14 2606.554780 2074.870978
15 2251.019691 2321.210211
16 2006.199002 2366.566713
17 2588.138661 1859.621097
18 4889.955274 2056.485497
19 2335.102159 2323.829294
20 3629.494937 841.290814
21 3232.515697 1124.528120
22 2052.546722 994.435754
23 2526.121501 3601.703756
24 2415.008831 3009.718342
25 4648.476255 2249.708364
26 2061.103701 1290.005042
27 2823.411800 1054.925931
28 2965.895204 2233.244523
29 2902.875350 1730.792992
30 2782.899740 1678.669204
31 3231.790727 1578.050344
32 2325.245042 1775.124437
33 4720.649224 187.337202
34 2189.672725 1129.791356
35 2902.977672 981.331534
36 1556.864657 2974.652560
37 480.696546 2124.167043
38 3411.992172 2989.403237
39 2382.017882 3534.606856
40 508.680263 1482.445196
41 2562.366459 2448.215860
42 4894.545797 2184.643203
43 1216.245036 2858.080698
44 4446.567309 3054.776129
45 1996.001583 1793.492059
46 4469.554713 2320.411928
47 2721.340232 2176.394796
48 1079.629124 2271.932416
49 3455.852095 1422.531143
50 518.493624 1693.645719
51 3338.459156 2080.963012
52 764.837133 2030.051646
53 2755.410962 1993.427866
54 1331.457868 3114.035425
55 2350.728464 1608.082763
56 2670.181228 2597.516074
57 3600.955862 2455.867519
58 642.210385 2968.206790
59 2408.611628 2827.714385
60 3859.603005 1433.403475
61 3240.426510 2552.962100
62 1401.378962 1736.088547
63 3134.322800 3316.153187
64 1035.733601 505.395795
65 2989.666232 1059.481772
66 2132.352203 357.391564
67 2563.653823 2671.003861
68 3854.887806 1943.178733
69 2113.226906 2243.501391
70 558.659942 1787.648396
71 3902.276425 1130.313808
72 3786.648021 2650.580808
73 1837.663981 2517.413500
74 1486.583441 1916.797608
75 1544.915836 2826.859333
76 4332.010055 2029.154062
77 2664.102174 1246.733841
78 1682.886451 901.348223
79 1089.842731 2046.988624

0 1246.297102 2664.037859
1 2882.585837 3479.335293
2 4607.390880 543.817022
3 2695.410547 2673.430314
4 4164.172068 634.408096
5 3841.617614 1868.782683
6 1417.094572 3142.126223
7 3045.466183 501.795004
8 2709.473821 587.895494
9 1190.844739 1470.700927
10 4517.217228 1315.002872
11 2195.119443 2184.904185
12 4470.213185 3781.238633
13 5277.858976 783.957451
14 2747.608279 2270.220978
15 2523.869691 2516.560211
16 1733.349002 2171.216713
17 2315.288661 1664.271097
18 4617.105274 2251.835497
19 2062.252159 2128.479294
20 3902.344937 958.038470
21 3505.365697 929.178120
22 2325.396722 1189.785754
23 2253.271501 3406.353756
24 2142.158831 2814.368342
25 4375.626255 2054.358364
26 2242.705191 1094.655042
27 2550.561800 1250.275931
28 2693.045204 2037.894523
29 3175.725350 1926.142992
30 2668.478195 1483.319204
31 3504.640727 1382.700344
32 2598.095042 1579.774437
33 4993.499224 301.633312
34 2462.522725 934.441356
35 3175.827672 785.981534
36 1284.014657 3170.002560
37 207.846546 2319.517043
38 3139.142172 2794.053237
39 2654.867882 3339.256856
40 781.530263 1677.795196
41 2289.516459 2643.565860
42 4652.322982 1989.293203
43 1489.095036 3040.473361
44 4173.717309 3250.126129
45 1723.151583 1988.842059
46 4742.404713 2125.061928
47 2448.490232 1981.044796
48 912.551632 2076.582416
49 3728.702095 1227.181143
50 791.343624 1888.995719
51 3611.309156 1885.613012
52 1037.687133 2225.401646
53 2482.560962 1798.077866
54 1336.779224 2918.685425
55 2623.578464 1803.432763
56 2943.031228 2792.866074
57 3328.105862 2260.517519
58 915.060385 3075.886077
59 5175.606258 478.551065
60 3586.753005 1628.753475
61 4629.349381 2495.871130
62 3551.342109 3438.842022
63 3407.172800 3120.803187
64 1308.583601 700.745795
65 2716.816232 1254.831772
66 1859.502203 552.741564
67 2836.503823 2475.653861
68 3582.037806 1747.828733
69 2386.076906 2166.546642
70 328.799927 1982.998396
71 3629.426425 1325.663808
72 4059.498021 2845.930808
73 2110.513981 2712.763500
74 1759.433441 1721.447608
75 1817.765836 2631.509333
76 4232.443643 1833.804062
77 2936.952174 1442.083841
78 1410.036451 1096.698223
79 816.992731 2242.338624

0 973.447102 2859.387859
1 2609.735837 3283.985293
2 4880.240880 739.167022
3 2968.260547 2478.080314
4 3891.322068 439.058096
5 3568.767614 2064.132683
6 1689.944572 3165.671006
7 3318.316183 306.445004
8 2436.623821 392.545494
9 1439.450200 1666.050927
10 4790.067228 1510.352872
11 2467.969443 1989.554185
12 4197.363185 3645.588723
13 5005.008976 588.607451
14 2474.758279 2074.870978
15 2550.710975 2321.210211
16 2006.199002 2366.566713
17 2588.138661 1859.621097
18 4889.955274 2056.485497
19 2335.102159 2323.829294
20 3629.494937 872.616949
21 3232.515697 1124.528120
22 2052.546722 994.435754
23 2526.121501 3601.703756
24 2415.008831 3009.718342
25 4648.476255 2249.708364
26 1969.855191 1290.005042
27 2277.711800 1445.625931
28 2965.895204 2233.244523
29 2902.875350 1730.792992
30 3536.542705 3438.965541
31 3231.790727 1578.050344
32 2021.603589 2769.476635
33 4720.649224 106.283312
34 2189.672725 1129.791356
35 2902.977672 981.331534
36 1556.864657 2974.652560
37 480.696546 2124.167043
38 3411.992172 2989.403237
39 2382.017882 3534.606856
40 508.680263 1482.445196
41 2562.366459 2448.215860
42 4925.172982 2184.643203
43 1761.945036 2845.123361
44 4446.567309 3054.776129
45 1996.001583 1793.492059
46 4469.554713 2320.411928
47 2721.340232 2176.394796
48 639.701632 2271.932416
49 4001.552095 1422.531143
50 1064.193624 1693.645719
51 3338.459156 2080.963012
52 1310.537133 2030.051646
53 2755.410962 1993.427866
54 1609.629224 2723.335425
55 2350.728464 1998.782763
56 2670.181228 2597.516074
57 3977.853652 3555.294557
58 642.210385 2880.536077
59 1729.845567 2491.720289
60 3859.603005 1433.403475
61 4356.499381 2691.221130
62 3278.492109 3243.492022
63 3134.322800 3316.153187
64 1581.433601 895.977936
65 2989.666232 1059.481772
66 2132.352203 357.391564
67 1499.863589 2439.333406
68 3854.887806 1943.178733
69 2658.926906 1971.196642
70 601.649927 2178.348396
71 3356.576425 1130.313808
72 3786.648021 3041.280808
73 1837.663981 2517.413500
74 1486.583441 1916.797608
75 2090.615836 2436.159333
76 4505.293643 1638.454062
77 2664.102174 1637.433841
78 1682.886451 901.348223
79 1089.842731 2437.688624

0 995.573829 2674.495323
1 2566.172801 3394.012331
2 4643.438777 772.502130
3 3241.110547 2632.253560
4 3816.305920 562.350558
5 3295.917614 2259.482683
6 1687.222536 3113.305744
7 3351.954870 354.293928
8 2633.634200 486.558044
9 1166.600200 1609.574334
10 4627.084222 1582.896061
11 2723.663163 1794.204185
12 4293.423375 3753.959280
13 5028.908024 783.957451
14 2741.522106 1879.520978
15 2823.560975 2420.803126
16 1940.532882 2561.916713
17 2521.401361 2030.210111
18 4795.734012 2065.828689
19 2607.952159 2519.179294
20 3565.652925 928.258075
21 2959.665697 1073.081666
22 2117.389306 1189.785754
23 2456.752264 3615.148479
24 2375.576667 3205.068342
25 4581.787814 2427.559221
26 2189.109320 1274.254545
27 2004.861800 1640.975931
28 3202.239033 2181.539156
29 2929.949554 1535.442992
30 3263.692705 3243.615541
31 3231.670795 1721.087667
32 2187.969252 2574.126635
33 4620.456473 280.920128
34 1916.822725 1071.188014
35 2954.522932 941.593537
36 1665.843054 3028.528509
37 278.147399 2167.355909
38 3684.842172 3019.428755
39 2109.167882 3563.841126
40 635.359639 1287.095196
41 2780.285424 2573.015369
42 4936.990442 2263.202401
43 2034.795036 2649.773361
44 4211.067920 3022.251345
45 2229.266476 1598.142059
46 4330.508939 2481.294228
47 2994.190232 2306.036502
48 753.551855 2467.282416
49 4274.402095 1517.919226
50 1337.043624 1679.082269
51 2838.479379 91.008593
52 1583.387133 2123.414010
53 2540.682114 2188.777866
54 2565.843742 2681.437685
55 2077.878464 2139.572367
56 2681.372556 2691.867654
57 3975.250917 3359.944557
58 476.176144 2936.571453
59 2002.695567 2296.370289
60 3857.779521 1284.450171
61 4083.649381 2886.571130
62 3005.642109 3048.142022
63 3018.647128 3261.803472
64 2257.821040 3785.102177
65 3262.516232 1001.471762
66 1977.427462 422.177358
67 1772.713589 2243.983406
68 4011.532321 2138.528733
69 2931.776906 1775.846642
70 597.173839 2274.002778
71 3083.726425 1206.552570
72 3968.338844 3236.630808
73 1564.813981 2490.766720
74 1487.162383 2112.147608
75 2363.465836 2240.809333
76 4518.552168 1443.104062
77 2391.252174 1832.783841
78 1660.343581 874.984672
79 816.992731 2633.038624

0 1268.423829 2545.802289
1 2839.022801 3392.449053
2 4894.964644 577.152130
3 2968.260547 2654.439372
4 4089.155920 612.370220
5 3023.067614 2064.132683
6 1414.372536 3125.719641
7 3079.104870 540.656444
8 2681.887501 681.908044
9 1300.021091 1414.224334
10 4507.159956 1387.546061
11 2450.813163 1989.554185
12 4506.837154 3587.320024
13 5301.758024 662.121166
14 2580.605337 2074.870978
15 3096.410975 2616.153126
16 1667.682882 2366.566713
17 2248.551361 1834.860111
18 4522.884012 2261.178689
19 2335.102159 2323.829294
20 3838.502925 817.086109
21 3232.515697 877.731666
22 2390.239306 1385.135754
23 2183.902264 3419.798479
24 2102.726667 3009.718342
25 4308.937814 2232.209221
26 2084.039929 1078.904545
27 1732.011800 1836.325931
28 2929.389033 1986.189156
29 3202.799554 1730.792992
30 2990.842705 3048.265541
31 3504.520795 1525.737667
32 2460.819252 2378.776635
33 4893.306473 186.916211
34 2189.672725 875.838014
35 3227.372932 746.243537
36 1392.993054 3223.878509
37 477.423045 2362.705909
38 3411.992172 2824.078755
39 2382.017882 3368.491126
40 684.200485 1482.445196
41 2507.435424 2609.422379
42 4664.140442 2067.852401
43 2307.645036 2845.123361
44 4457.632270 3217.601345
45 1956.416476 1793.492059
46 4603.358939 2285.944228
47 2721.340232 2110.686502
48 1026.401855 2271.932416
49 4098.365640 2631.389084
50 1609.893624 1874.432269
51 3111.329379 286.358593
52 1856.237133 2318.764010
53 2661.278597 1993.427866
54 1936.416976 3858.312071
55 2350.728464 1944.222367
56 2954.222556 2887.217654
57 3702.400917 3164.594557
58 749.026144 3131.921453
59 2275.545567 2101.020289
60 3584.929521 1479.800171
61 3810.799381 3081.921130
62 2732.792109 2852.792022
63 3291.497128 3066.453472
64 2530.671040 3589.752177
65 2989.666232 1196.821762
66 1704.577462 617.527358
67 2045.563589 2439.333406
68 3738.682321 1943.178733
69 1266.270058 3207.495736
70 324.323839 2078.652778
71 2810.876425 1401.902570
72 4241.188844 3041.280808
73 1837.663981 2686.116720
74 1760.012383 1916.797608
75 1906.098907 40.197498
76 4245.702168 1638.454062
77 4525.181639 2460.444599
78 1387.493581 1070.334672
79 544.142731 2828.388624

0 995.573829 2741.152289
1 2566.172801 3260.174774
2 4683.815495 772.502130
3 3241.110547 2459.089372
4 3816.305920 417.020220
5 2750.217614 2259.482683
6 1687.222536 3166.292634
7 3351.954870 345.306444
8 2409.037501 486.558044
9 1308.331085 1609.574334
10 4780.009956 1582.896061
11 2723.663163 1794.204185
12 4233.987154 3782.670024
13 5028.908024 671.664896
14 2574.747009 1879.520978
15 2823.560975 2420.803126
16 1940.532882 2561.916713
17 2521.401361 2030.210111
18 4795.734012 2065.828689
19 2607.952159 2519.179294
20 3565.652925 971.905820
21 2959.665697 1073.081666
22 2117.389306 1189.785754
23 2456.752264 3615.148479
24 2375.576667 3205.068342
25 4581.787814 2427.559221
26 2023.839766 1274.254545
27 1459.161800 2031.675931
28 3202.239033 2181.539156
29 2929.949554 1535.442992
30 2984.681787 2852.915541
31 3231.670795 1721.087667
32 2187.969252 2183.426635
33 4620.456473 160.458428
34 1916.822725 1071.188014
35 2954.522932 941.593537
36 1665.843054 3028.528509
37 328.602346 2167.355909
38 3684.842172 3019.428755
39 2109.167882 3563.841126
40 429.793484 1287.095196
41 100.968275 3720.194173
42 4936.990442 2263.202401
43 2034.879656 2649.773361
44 4254.501784 3022.251345
45 2229.266476 1598.142059
46 4330.508939 2481.294228
47 2994.190232 2306.036502
48 753.551855 2467.282416
49 2648.203446 2342.371560
50 1882.743624 1679.082269
51 2838.479379 481.708593
52 2129.087133 2123.414010
53 2685.106072 2188.777866
54 2209.266976 3662.962071
55 23.015791 3817.075152
56 2681.372556 2691.867654
57 3975.250917 2969.244557
58 476.176144 2936.571453
59 2002.695567 1905.670289
60 3857.779521 1284.450171
61 3758.342584 3277.271130
62 2459.942109 2657.442022
63 3018.647128 3261.803472
64 2803.521040 3394.402177
65 3262.516232 1001.471762
66 1977.427462 422.177358
67 1772.713589 2243.983406
68 4011.532321 2138.528733
69 1539.120058 3012.145736
70 597.173839 2274.002778
71 2538.026425 1206.552570
72 3968.338844 3236.630808
73 1564.813981 2490.766720
74 1487.162383 2112.147608
75 2178.948907 235.547498
76 4518.552168 1443.104062
77 4252.331639 2655.794599
78 1660.343581 874.984672
79 816.992731 3023.738624

0 1268.423829 2566.362139
1 2839.022801 3455.524774
2 4841.155303 577.152130
3 2968.260547 2654.439372
4 4089.155920 612.370220
5 2477.367614 2064.132683
6 1414.372536 3066.468340
7 3079.104870 471.111475
8 2681.887501 608.938956
9 1137.795935 1414.224334
10 4507.159956 1387.546061
11 1857.428662 362.733274
12 4481.111368 3587.320024
13 5287.024030 791.474907
14 2771.710749 2074.870978
15 3096.410975 2541.533055
16 1667.682882 2366.566713
17 2248.551361 1834.860111
18 4633.854624 2261.178689
19 2335.102159 2323.829294
20 3838.502925 776.555820
21 3232.515697 877.731666
22 2390.239306 1385.135754
23 2183.902264 3419.798479
24 2102.726667 3009.718342
25 4308.937814 2232.209221
26 2271.544614 1078.904545
27 1732.011800 2227.025931
28 2929.389033 1986.189156
29 3202.799554 1730.792992
30 2711.831787 2657.565541
31 3504.520795 1525.737667
32 479.900105 1488.523838
33 4893.306473 324.365484
34 2189.672725 875.838014
35 3227.372932 746.243537
36 1392.993054 3223.878509
37 414.382831 2362.705909
38 3411.992172 2824.078755
39 2382.017882 3368.491126
40 702.643484 1482.445196
41 373.818275 3524.844173
42 4664.140442 2067.852401
43 2307.729656 2845.123361
44 4400.667111 3217.601345
45 1956.416476 1793.492059
46 288.953488 3868.160597
47 2525.071401 2275.877742
48 1026.401855 2271.932416
49 2921.053446 2147.021560
50 2148.374960 1874.432269
51 3111.329379 677.058593
52 3173.889123 1268.868928
53 732.244775 709.192945
54 1936.416976 3467.612071
55 295.865791 3621.725152
56 2954.222556 2887.217654
57 3702.400917 2773.894557
58 749.026144 3083.429160
59 2275.545567 1710.320289
60 3584.929521 1479.800171
61 3485.492584 3472.621130
62 2187.092109 2462.092022
63 3291.497128 3066.453472
64 3076.371040 3199.052177
65 2989.666232 1196.821762
66 1704.577462 617.527358
67 2045.563589 2330.312192
68 3738.682321 1943.178733
69 1811.970058 2816.795736
70 327.605214 2103.866862
71 2265.176425 1401.902570
72 4241.188844 3041.280808
73 1837.663981 2686.116720
74 1760.012383 1916.797608
75 2451.798907 430.897498
76 4245.702168 1638.454062
77 3979.481639 2460.444599
78 1387.493581 1070.334672
79 544.142731 3219.088624

0 995.573829 2761.712139
1 2911.830668 3260.174774
2 4568.305303 772.502130
3 2695.410547 2508.619982
4 4362.005920 418.079765
5 2204.517614 1982.904295
6 1141.522536 3256.403779
7 2806.254870 275.761475
8 2447.542656 413.588956
9 1410.645935 1293.106528
10 4780.009956 1468.176997
11 2130.278662 558.083274
12 4208.261368 3782.670024
13 5014.174030 596.124907
14 2498.860749 2270.220978
15 3369.260975 2346.183055
16 1628.920332 2171.216713
17 2221.265293 1639.510111
18 4906.704624 2456.528689
19 2062.252159 2128.479294
20 4111.352925 971.905820
21 3505.365697 745.966069
22 2663.089306 1580.485754
23 2006.790831 3561.126700
24 2103.903076 2814.368342
25 4291.634463 2036.859221
26 1998.694614 1274.254545
27 1459.161800 2422.375931
28 2656.539033 2181.539156
29 3475.649554 1926.142992
30 2893.255910 2462.215541
31 3610.750585 1330.387667
32 752.750105 1293.173838
33 4880.257792 129.015484
34 2462.522725 805.620045
35 3244.088665 814.413364
36 1554.255495 3330.746554
37 258.759510 2386.077465
38 3139.142172 2789.684667
39 2654.867882 3323.329009
40 450.880310 1677.795196
41 646.668275 3329.494173
42 4936.990442 1872.502401
43 2580.579656 2836.870399
44 4132.111348 3122.467101
45 1683.566476 1988.842059
46 561.803488 3672.810597
47 2401.524516 2080.527742
48 765.326535 2245.297952
49 3193.903446 1951.671560
50 1875.524960 2069.782269
51 3384.179379 872.408593
52 3446.739123 1464.218928
53 1005.094775 904.542945
54 1663.566976 3272.262071
55 568.715791 3426.375152
56 3227.072556 2691.867654
57 3429.550917 2578.544557
58 801.620208 2888.079160
59 2548.395567 1514.970289
60 3312.079521 1675.150171
61 3212.642584 3277.271130
62 1914.242109 2266.742022
63 3564.347128 2989.791017
64 3349.221040 3003.702177
65 2716.816232 1392.171762
66 1977.427462 440.379397
67 2318.413589 2134.962192
68 3465.832321 1747.828733
69 2084.820058 2621.445736
70 600.455214 2299.216862
71 1992.326425 1597.252570
72 4267.771108 2989.191946
73 1071.688035 1227.528049
74 2032.862383 1721.447608
75 2724.648907 626.247498
76 4518.552168 1833.804062
77 3706.631639 2655.794599
78 1114.643581 1099.541797
79 816.992731 3414.438624

