0 546.502860 1133.440317
1 3249.477988 3797.682395
2 2662.450157 829.221753
3 858.346340 3378.479643
4 1157.489766 2400.718877
5 383.257854 2237.874726
6 3785.256222 302.935293
7 2764.590597 2501.187503
8 4288.590198 69.970426
9 4297.804369 958.679150
10 135.507674 2679.849927
11 4168.266910 1287.565299
12 5374.989835 689.160814
13 3078.818762 3622.034681
14 3792.857880 3166.082361
15 200.603546 2282.373893
16 3535.718786 80.921145
17 3092.694422 2318.298820
18 975.612844 159.783354
19 3957.835985 3665.965121
20 5058.865528 3127.952051
21 5174.370906 1101.946675
22 2578.257672 988.597378
23 258.307960 3692.631953
24 1195.555036 2020.722026
25 5182.326080 821.004691
26 1600.763407 2439.283140
27 16.079290 3844.337258
28 2680.669766 3301.060182
29 2961.792464 275.853236
30 449.376204 2995.645835
31 4883.362076 8.659536
32 3229.121360 2653.285998
33 863.278741 3722.541416
34 1123.499882 3163.347211
35 3290.810239 1440.227917
36 694.622173 645.056088
37 2858.532713 1092.324740
38 83.940654 3702.591371
39 3442.657494 2418.904440
40 2733.108152 3634.721241
41 1117.931455 2677.970124
42 4968.411850 2087.286941
43 2738.969857 3073.492624
44 2069.766303 276.429810
45 809.342088 529.505497
46 3112.874296 1370.872339
47 5191.599714 1862.461717
48 1522.643959 1409.727912
49 239.226828 3018.157358
50 816.571440 54.714243
51 4770.390293 2341.253944
52 4423.032565 3794.736935
53 2717.218132 2649.105801
54 2846.018350 897.412510
55 2261.056972 2017.182607
56 3880.347383 2427.948462
57 4665.254773 2792.913325
58 1778.879868 3656.397487
59 2006.933919 615.983554
60 4099.395986 3025.133660
61 5374.220970 293.934224
62 392.572004 3776.261922
63 3355.283537 400.472427
64 639.637055 517.407024
65 3357.153073 2278.480700
66 1639.701939 3452.948216
67 98.349976 3867.431603
68 935.836187 1783.441186
69 3711.613462 2602.136731
70 329.200236 1924.470349
71 641.308747 2032.124857
72 1084.991367 1844.244728
73 1732.004662 2760.653684
74 243.940336 3435.413488
75 5303.333948 1336.060145
76 4139.590032 477.433306
77 1323.531459 3595.876957
78 5081.883562 721.733976
79 2862.877870 1211.026354

0 546.502860 1133.440317
1 3249.477988 3797.682395
2 2662.450157 829.221753
3 858.346340 3378.479643
4 1157.489766 2400.718877
5 383.257854 2237.874726
6 3785.256222 302.935293
7 2764.590597 2501.187503
8 4288.590198 69.970426
9 4297.804369 958.679150
10 135.507674 2679.849927
11 4168.266910 1287.565299
12 5374.989835 689.160814
13 3078.818762 3622.034681
14 3792.857880 3166.082361
15 200.603546 2282.373893
16 3535.718786 80.921145
17 3092.694422 2318.298820
18 975.612844 159.783354
19 3957.835985 3665.965121
20 5058.865528 3127.952051
21 5174.370906 1101.946675
22 2578.257672 988.597378
23 258.307960 3692.631953
24 1195.555036 2020.722026
25 5182.326080 821.004691
26 1600.763407 2439.283140
27 16.079290 3844.337258
28 2680.669766 3301.060182
29 2961.792464 275.853236
30 449.376204 2995.645835
31 4883.362076 8.659536
32 3229.121360 2653.285998
33 863.278741 3722.541416
34 1123.499882 3163.347211
35 3290.810239 1440.227917
36 694.622173 645.056088
37 2858.532713 1092.324740
38 83.940654 3702.591371
39 3442.657494 2418.904440
40 2733.108152 3634.721241
41 1117.931455 2677.970124
42 4968.411850 2087.286941
43 2738.969857 3073.492624
44 2069.766303 276.429810
45 809.342088 529.505497
46 3112.874296 1370.872339
47 5191.599714 1862.461717
48 1522.643959 1409.727912
49 239.226828 3018.157358
50 816.571440 54.714243
51 4770.390293 2341.253944
52 4423.032565 3794.736935
53 2717.218132 2649.105801
54 2846.018350 897.412510
55 2261.056972 2017.182607
56 3880.347383 2427.948462
57 4665.254773 2792.913325
58 1778.879868 3656.397487
59 2006.933919 615.983554
60 4099.395986 3025.133660
61 5374.220970 293.934224
62 392.572004 3776.261922
63 3355.283537 400.472427
64 639.637055 517.407024
65 3357.153073 2278.480700
66 1639.701939 3452.948216
67 98.349976 3867.431603
68 935.836187 1783.441186
69 3711.613462 2602.136731
70 329.200236 1924.470349
71 641.308747 2032.124857
72 1084.991367 1844.244728
73 1732.004662 2760.653684
74 243.940336 3435.413488
75 5303.333948 1336.060145
76 4139.590032 477.433306
77 1323.531459 3595.876957
78 5081.883562 721.733976
79 2862.877870 1211.026354

0 546.502860 1133.440317
1 3249.477988 3797.682395
2 2662.450157 829.221753
3 858.346340 3378.479643
4 1157.489766 2400.718877
5 383.257854 2237.874726
6 3785.256222 302.935293
7 2764.590597 2501.187503
8 4288.590198 69.970426
9 4297.804369 958.679150
10 135.507674 2679.849927
11 4168.266910 1287.565299
12 5374.989835 689.160814
13 3078.818762 3622.034681
14 3792.857880 3166.082361
15 200.603546 2282.373893
16 3535.718786 80.921145
17 3092.694422 2318.298820
18 975.612844 159.783354
19 3957.835985 3665.965121
20 5058.865528 3127.952051
21 5174.370906 1101.946675
22 2578.257672 988.597378
23 258.307960 3692.631953
24 1195.555036 2020.722026
25 5182.326080 821.004691
26 1600.763407 2439.283140
27 16.079290 3844.337258
28 2680.669766 3301.060182
29 2961.792464 275.853236
30 449.376204 2995.645835
31 4883.362076 8.659536
32 3229.121360 2653.285998
33 863.278741 3722.541416
34 1123.499882 3163.347211
35 3290.810239 1440.227917
36 694.622173 645.056088
37 2858.532713 1092.324740
38 83.940654 3702.591371
39 3442.657494 2418.904440
40 2733.108152 3634.721241
41 1117.931455 2677.970124
42 4968.411850 2087.286941
43 2738.969857 3073.492624
44 2069.766303 276.429810
45 809.342088 529.505497
46 3112.874296 1370.872339
47 5191.599714 1862.461717
48 1522.643959 1409.727912
49 239.226828 3018.157358
50 816.571440 54.714243
51 4770.390293 2341.253944
52 4423.032565 3794.736935
53 2717.218132 2649.105801
54 2846.018350 897.412510
55 2261.056972 2017.182607
56 3880.347383 2427.948462
57 4665.254773 2792.913325
58 1778.879868 3656.397487
59 2006.933919 615.983554
60 4099.395986 3025.133660
61 5374.220970 293.934224
62 392.572004 3776.261922
63 3355.283537 400.472427
64 639.637055 517.407024
65 3357.153073 2278.480700
66 1639.701939 3452.948216
67 98.349976 3867.431603
68 935.836187 1783.441186
69 3711.613462 2602.136731
70 329.200236 1924.470349
71 641.308747 2032.124857
72 1084.991367 1844.244728
73 1732.004662 2760.653684
74 243.940336 3435.413488
75 5303.333948 1336.060145
76 4139.590032 477.433306
77 1323.531459 3595.876957
78 5081.883562 721.733976
79 2862.877870 1211.026354

0 546.502860 1133.440317
1 3249.477988 3797.682395
2 2662.450157 829.221753
3 858.346340 3378.479643
4 1157.489766 2400.718877
5 383.257854 2237.874726
6 3785.256222 302.935293
7 2764.590597 2501.187503
8 4288.590198 69.970426
9 4297.804369 958.679150
10 135.507674 2679.849927
11 4168.266910 1287.565299
12 5374.989835 689.160814
13 3078.818762 3622.034681
14 3792.857880 3166.082361
15 200.603546 2282.373893
16 3535.718786 80.921145
17 3092.694422 2318.298820
18 975.612844 159.783354
19 3957.835985 3665.965121
20 5058.865528 3127.952051
21 5174.370906 1101.946675
22 2578.257672 988.597378
23 258.307960 3692.631953
24 1195.555036 2020.722026
25 5182.326080 821.004691
26 1600.763407 2439.283140
27 16.079290 3844.337258
28 2680.669766 3301.060182
29 2961.792464 275.853236
30 449.376204 2995.645835
31 4883.362076 8.659536
32 3229.121360 2653.285998
33 863.278741 3722.541416
34 1123.499882 3163.347211
35 3290.810239 1440.227917
36 694.622173 645.056088
37 2858.532713 1092.324740
38 83.940654 3702.591371
39 3442.657494 2418.904440
40 2733.108152 3634.721241
41 1117.931455 2677.970124
42 4968.411850 2087.286941
43 2738.969857 3073.492624
44 2069.766303 276.429810
45 809.342088 529.505497
46 3112.874296 1370.872339
47 5191.599714 1862.461717
48 1522.643959 1409.727912
49 239.226828 3018.157358
50 816.571440 54.714243
51 4770.390293 2341.253944
52 4423.032565 3794.736935
53 2717.218132 2649.105801
54 2846.018350 897.412510
55 2261.056972 2017.182607
56 3880.347383 2427.948462
57 4665.254773 2792.913325
58 1778.879868 3656.397487
59 2006.933919 615.983554
60 4099.395986 3025.133660
61 5374.220970 293.934224
62 392.572004 3776.261922
63 3355.283537 400.472427
64 639.637055 517.407024
65 3357.153073 2278.480700
66 1639.701939 3452.948216
67 98.349976 3867.431603
68 935.836187 1783.441186
69 3711.613462 2602.136731
70 329.200236 1924.470349
71 641.308747 2032.124857
72 1084.991367 1844.244728
73 1732.004662 2760.653684
74 243.940336 3435.413488
75 5303.333948 1336.060145
76 4139.590032 477.433306
77 1323.531459 3595.876957
78 5081.883562 721.733976
79 2862.877870 1211.026354

0 784.589326 2891.528052
1 2146.107063 3289.455228
2 4761.295983 922.953956
3 5056.295914 2476.445460
4 3167.222960 428.140248
5 2582.278612 3609.991379
6 2315.812272 3151.993853
7 3985.336219 234.298739
8 2428.900680 301.435583
9 1318.477001 2048.239456
10 4821.857843 1758.267597
11 3524.771293 800.499049
12 4118.125038 3712.450905
13 4848.247760 652.783750
14 2549.738140 1313.380689
15 2424.094903 2233.084001
16 2470.202908 3606.953090
17 3048.625415 2617.379456
18 4997.206426 1544.306272
19 3561.386051 3872.164880
20 2917.125470 914.382005
21 1809.162606 1510.786335
22 1003.978220 743.327546
23 3061.459632 3835.621642
24 2852.333839 3754.176860
25 5100.789582 3033.117237
26 2025.889210 1501.727466
27 641.652346 3223.177845
28 4027.559346 2363.403719
29 2300.300959 214.822801
30 3046.579180 2439.341834
31 2744.670108 2358.385810
32 869.654584 421.237226
33 4313.868263 149.189036
34 493.371726 1483.498233
35 2445.002983 1263.133729
36 1879.401658 2595.371566
37 384.781698 1789.219843
38 4703.960639 3304.667853
39 610.226685 3855.102711
40 498.243529 246.976588
41 3220.447427 2440.409269
42 5090.490345 2722.900541
43 2053.857595 2055.898771
44 4331.303887 2798.135396
45 3095.477689 472.516791
46 4055.977808 3045.541010
47 3892.384079 2569.432609
48 306.961216 3526.754108
49 4910.198763 1915.590288
50 2517.371979 862.568931
51 1806.806902 3360.613265
52 4794.242806 1658.252706
53 2690.665441 3168.990301
54 3007.040627 1645.312534
55 1147.552596 2264.081088
56 2084.694494 2409.193108
57 5120.081899 841.232128
58 221.117807 2785.146930
59 617.902300 1286.062487
60 4462.537712 529.256561
61 4040.993706 3550.093721
62 188.317625 2217.522245
63 2371.467906 3675.639004
64 4274.240300 669.069401
65 5146.880931 80.948126
66 2440.768595 117.898741
67 1276.995256 1103.589818
68 4403.808548 3698.505605
69 3640.196141 1264.724211
70 760.078821 2258.822804
71 1424.600736 559.702023
72 3295.930713 3830.680641
73 806.081816 2075.000405
74 847.311626 3450.539613
75 2837.866501 1725.835515
76 4779.668313 1216.880863
77 1698.511854 3827.924501
78 2291.065075 582.669118
79 1302.738901 3235.482031

0 784.589326 2891.528052
1 2146.107063 3289.455228
2 4761.295983 922.953956
3 5056.295914 2476.445460
4 3167.222960 428.140248
5 2582.278612 3609.991379
6 2315.812272 3151.993853
7 3985.336219 234.298739
8 2428.900680 301.435583
9 1318.477001 2048.239456
10 4821.857843 1758.267597
11 3524.771293 800.499049
12 4118.125038 3712.450905
13 4848.247760 652.783750
14 2549.738140 1313.380689
15 2424.094903 2233.084001
16 2470.202908 3606.953090
17 3048.625415 2617.379456
18 4997.206426 1544.306272
19 3561.386051 3872.164880
20 2917.125470 914.382005
21 1809.162606 1510.786335
22 1003.978220 743.327546
23 3061.459632 3835.621642
24 2852.333839 3754.176860
25 5100.789582 3033.117237
26 2025.889210 1501.727466
27 641.652346 3223.177845
28 4027.559346 2363.403719
29 2300.300959 214.822801
30 3046.579180 2439.341834
31 2744.670108 2358.385810
32 869.654584 421.237226
33 4313.868263 149.189036
34 493.371726 1483.498233
35 2445.002983 1263.133729
36 1879.401658 2595.371566
37 384.781698 1789.219843
38 4703.960639 3304.667853
39 610.226685 3855.102711
40 498.243529 246.976588
41 3220.447427 2440.409269
42 5090.490345 2722.900541
43 2053.857595 2055.898771
44 4331.303887 2798.135396
45 3095.477689 472.516791
46 4055.977808 3045.541010
47 3892.384079 2569.432609
48 306.961216 3526.754108
49 4910.198763 1915.590288
50 2517.371979 862.568931
51 1806.806902 3360.613265
52 4794.242806 1658.252706
53 2690.665441 3168.990301
54 3007.040627 1645.312534
55 1147.552596 2264.081088
56 2084.694494 2409.193108
57 5120.081899 841.232128
58 221.117807 2785.146930
59 617.902300 1286.062487
60 4462.537712 529.256561
61 4040.993706 3550.093721
62 188.317625 2217.522245
63 2371.467906 3675.639004
64 4274.240300 669.069401
65 5146.880931 80.948126
66 2440.768595 117.898741
67 1276.995256 1103.589818
68 4403.808548 3698.505605
69 3640.196141 1264.724211
70 760.078821 2258.822804
71 1424.600736 559.702023
72 3295.930713 3830.680641
73 806.081816 2075.000405
74 847.311626 3450.539613
75 2837.866501 1725.835515
76 4779.668313 1216.880863
77 1698.511854 3827.924501
78 2291.065075 582.669118
79 1302.738901 3235.482031

0 784.589326 2891.528052
1 2146.107063 3289.455228
2 4761.295983 922.953956
3 5056.295914 2476.445460
4 3167.222960 428.140248
5 2582.278612 3609.991379
6 2315.812272 3151.993853
7 3985.336219 234.298739
8 2428.900680 301.435583
9 1318.477001 2048.239456
10 4821.857843 1758.267597
11 3524.771293 800.499049
12 4118.125038 3712.450905
13 4848.247760 652.783750
14 2549.738140 1313.380689
15 2424.094903 2233.084001
16 2470.202908 3606.953090
17 3048.625415 2617.379456
18 4997.206426 1544.306272
19 3561.386051 3872.164880
20 2917.125470 914.382005
21 1809.162606 1510.786335
22 1003.978220 743.327546
23 3061.459632 3835.621642
24 2852.333839 3754.176860
25 5100.789582 3033.117237
26 2025.889210 1501.727466
27 641.652346 3223.177845
28 4027.559346 2363.403719
29 2300.300959 214.822801
30 3046.579180 2439.341834
31 2744.670108 2358.385810
32 869.654584 421.237226
33 4313.868263 149.189036
34 493.371726 1483.498233
35 2445.002983 1263.133729
36 1879.401658 2595.371566
37 384.781698 1789.219843
38 4703.960639 3304.667853
39 610.226685 3855.102711
40 498.243529 246.976588
41 3220.447427 2440.409269
42 5090.490345 2722.900541
43 2053.857595 2055.898771
44 4331.303887 2798.135396
45 3095.477689 472.516791
46 4055.977808 3045.541010
47 3892.384079 2569.432609
48 306.961216 3526.754108
49 4910.198763 1915.590288
50 2517.371979 862.568931
51 1806.806902 3360.613265
52 4794.242806 1658.252706
53 2690.665441 3168.990301
54 3007.040627 1645.312534
55 1147.552596 2264.081088
56 2084.694494 2409.193108
57 5120.081899 841.232128
58 221.117807 2785.146930
59 617.902300 1286.062487
60 4462.537712 529.256561
61 4040.993706 3550.093721
62 188.317625 2217.522245
63 2371.467906 3675.639004
64 4274.240300 669.069401
65 5146.880931 80.948126
66 2440.768595 117.898741
67 1276.995256 1103.589818
68 4403.808548 3698.505605
69 3640.196141 1264.724211
70 760.078821 2258.822804
71 1424.600736 559.702023
72 3295.930713 3830.680641
73 806.081816 2075.000405
74 847.311626 3450.539613
75 2837.866501 1725.835515
76 4779.668313 1216.880863
77 1698.511854 3827.924501
78 2291.065075 582.669118
79 1302.738901 3235.482031

0 784.589326 2891.528052
1 2146.107063 3289.455228
2 4761.295983 922.953956
3 5056.295914 2476.445460
4 3167.222960 428.140248
5 2582.278612 3609.991379
6 2315.812272 3151.993853
7 3985.336219 234.298739
8 2428.900680 301.435583
9 1318.477001 2048.239456
10 4821.857843 1758.267597
11 3524.771293 800.499049
12 4118.125038 3712.450905
13 4848.247760 652.783750
14 2549.738140 1313.380689
15 2424.094903 2233.084001
16 2470.202908 3606.953090
17 3048.625415 2617.379456
18 4997.206426 1544.306272
19 3561.386051 3872.164880
20 2917.125470 914.382005
21 1809.162606 1510.786335
22 1003.978220 743.327546
23 3061.459632 3835.621642
24 2852.333839 3754.176860
25 5100.789582 3033.117237
26 2025.889210 1501.727466
27 641.652346 3223.177845
28 4027.559346 2363.403719
29 2300.300959 214.822801
30 3046.579180 2439.341834
31 2744.670108 2358.385810
32 869.654584 421.237226
33 4313.868263 149.189036
34 493.371726 1483.498233
35 2445.002983 1263.133729
36 1879.401658 2595.371566
37 384.781698 1789.219843
38 4703.960639 3304.667853
39 610.226685 3855.102711
40 498.243529 246.976588
41 3220.447427 2440.409269
42 5090.490345 2722.900541
43 2053.857595 2055.898771
44 4331.303887 2798.135396
45 3095.477689 472.516791
46 4055.977808 3045.541010
47 3892.384079 2569.432609
48 306.961216 3526.754108
49 4910.198763 1915.590288
50 2517.371979 862.568931
51 1806.806902 3360.613265
52 4794.242806 1658.252706
53 2690.665441 3168.990301
54 3007.040627 1645.312534
55 1147.552596 2264.081088
56 2084.694494 2409.193108
57 5120.081899 841.232128
58 221.117807 2785.146930
59 617.902300 1286.062487
60 4462.537712 529.256561
61 4040.993706 3550.093721
62 188.317625 2217.522245
63 2371.467906 3675.639004
64 4274.240300 669.069401
65 5146.880931 80.948126
66 2440.768595 117.898741
67 1276.995256 1103.589818
68 4403.808548 3698.505605
69 3640.196141 1264.724211
70 760.078821 2258.822804
71 1424.600736 559.702023
72 3295.930713 3830.680641
73 806.081816 2075.000405
74 847.311626 3450.539613
75 2837.866501 1725.835515
76 4779.668313 1216.880863
77 1698.511854 3827.924501
78 2291.065075 582.669118
79 1302.738901 3235.482031

0 784.589326 2891.528052
1 2146.107063 3289.455228
2 4761.295983 922.953956
3 5056.295914 2476.445460
4 3167.222960 428.140248
5 2582.278612 3609.991379
6 2315.812272 3151.993853
7 3985.336219 234.298739
8 2428.900680 301.435583
9 1318.477001 2048.239456
10 4821.857843 1758.267597
11 3524.771293 800.499049
12 4118.125038 3712.450905
13 4848.247760 652.783750
14 2549.738140 1313.380689
15 2424.094903 2233.084001
16 2470.202908 3606.953090
17 3048.625415 2617.379456
18 4997.206426 1544.306272
19 3561.386051 3872.164880
20 2917.125470 914.382005
21 1809.162606 1510.786335
22 1003.978220 743.327546
23 3061.459632 3835.621642
24 2852.333839 3754.176860
25 5100.789582 3033.117237
26 2025.889210 1501.727466
27 641.652346 3223.177845
28 4027.559346 2363.403719
29 2300.300959 214.822801
30 3046.579180 2439.341834
31 2744.670108 2358.385810
32 869.654584 421.237226
33 4313.868263 149.189036
34 493.371726 1483.498233
35 2445.002983 1263.133729
36 1879.401658 2595.371566
37 384.781698 1789.219843
38 4703.960639 3304.667853
39 610.226685 3855.102711
40 498.243529 246.976588
41 3220.447427 2440.409269
42 5090.490345 2722.900541
43 2053.857595 2055.898771
44 4331.303887 2798.135396
45 3095.477689 472.516791
46 4055.977808 3045.541010
47 3892.384079 2569.432609
48 306.961216 3526.754108
49 4910.198763 1915.590288
50 2517.371979 862.568931
51 1806.806902 3360.613265
52 4794.242806 1658.252706
53 2690.665441 3168.990301
54 3007.040627 1645.312534
55 1147.552596 2264.081088
56 2084.694494 2409.193108
57 5120.081899 841.232128
58 221.117807 2785.146930
59 617.902300 1286.062487
60 4462.537712 529.256561
61 4040.993706 3550.093721
62 188.317625 2217.522245
63 2371.467906 3675.639004
64 4274.240300 669.069401
65 5146.880931 80.948126
66 2440.768595 117.898741
67 1276.995256 1103.589818
68 4403.808548 3698.505605
69 3640.196141 1264.724211
70 760.078821 2258.822804
71 1424.600736 559.702023
72 3295.930713 3830.680641
73 806.081816 2075.000405
74 847.311626 3450.539613
75 2837.866501 1725.835515
76 4779.668313 1216.880863
77 1698.511854 3827.924501
78 2291.065075 582.669118
79 1302.738901 3235.482031

0 784.589326 2891.528052
1 2146.107063 3289.455228
2 4761.295983 922.953956
3 5056.295914 2476.445460
4 3167.222960 428.140248
5 2582.278612 3609.991379
6 2315.812272 3151.993853
7 3985.336219 234.298739
8 2428.900680 301.435583
9 1318.477001 2048.239456
10 4821.857843 1758.267597
11 3524.771293 800.499049
12 4118.125038 3712.450905
13 4848.247760 652.783750
14 2549.738140 1313.380689
15 2424.094903 2233.084001
16 2470.202908 3606.953090
17 3048.625415 2617.379456
18 4997.206426 1544.306272
19 3561.386051 3872.164880
20 2917.125470 914.382005
21 1809.162606 1510.786335
22 1003.978220 743.327546
23 3061.459632 3835.621642
24 2852.333839 3754.176860
25 5100.789582 3033.117237
26 2025.889210 1501.727466
27 641.652346 3223.177845
28 4027.559346 2363.403719
29 2300.300959 214.822801
30 3046.579180 2439.341834
31 2744.670108 2358.385810
32 869.654584 421.237226
33 4313.868263 149.189036
34 493.371726 1483.498233
35 2445.002983 1263.133729
36 1879.401658 2595.371566
37 384.781698 1789.219843
38 4703.960639 3304.667853
39 610.226685 3855.102711
40 498.243529 246.976588
41 3220.447427 2440.409269
42 5090.490345 2722.900541
43 2053.857595 2055.898771
44 4331.303887 2798.135396
45 3095.477689 472.516791
46 4055.977808 3045.541010
47 3892.384079 2569.432609
48 306.961216 3526.754108
49 4910.198763 1915.590288
50 2517.371979 862.568931
51 1806.806902 3360.613265
52 4794.242806 1658.252706
53 2690.665441 3168.990301
54 3007.040627 1645.312534
55 1147.552596 2264.081088
56 2084.694494 2409.193108
57 5120.081899 841.232128
58 221.117807 2785.146930
59 617.902300 1286.062487
60 4462.537712 529.256561
61 4040.993706 3550.093721
62 188.317625 2217.522245
63 2371.467906 3675.639004
64 4274.240300 669.069401
65 5146.880931 80.948126
66 2440.768595 117.898741
67 1276.995256 1103.589818
68 4403.808548 3698.505605
69 3640.196141 1264.724211
70 760.078821 2258.822804
71 1424.600736 559.702023
72 3295.930713 3830.680641
73 806.081816 2075.000405
74 847.311626 3450.539613
75 2837.866501 1725.835515
76 4779.668313 1216.880863
77 1698.511854 3827.924501
78 2291.065075 582.669118
79 1302.738901 3235.482031

0 784.589326 2891.528052
1 2146.107063 3289.455228
2 4761.295983 922.953956
3 5056.295914 2476.445460
4 3167.222960 428.140248
5 2582.278612 3609.991379
6 2315.812272 3151.993853
7 3985.336219 234.298739
8 2428.900680 301.435583
9 1318.477001 2048.239456
10 4821.857843 1758.267597
11 3524.771293 800.499049
12 4118.125038 3712.450905
13 4848.247760 652.783750
14 2549.738140 1313.380689
15 2424.094903 2233.084001
16 2470.202908 3606.953090
17 3048.625415 2617.379456
18 4997.206426 1544.306272
19 3561.386051 3872.164880
20 2917.125470 914.382005
21 1809.162606 1510.786335
22 1003.978220 743.327546
23 3061.459632 3835.621642
24 2852.333839 3754.176860
25 5100.789582 3033.117237
26 2025.889210 1501.727466
27 641.652346 3223.177845
28 4027.559346 2363.403719
29 2300.300959 214.822801
30 3046.579180 2439.341834
31 2744.670108 2358.385810
32 869.654584 421.237226
33 4313.868263 149.189036
34 493.371726 1483.498233
35 2445.002983 1263.133729
36 1879.401658 2595.371566
37 384.781698 1789.219843
38 4703.960639 3304.667853
39 610.226685 3855.102711
40 498.243529 246.976588
41 3220.447427 2440.409269
42 5090.490345 2722.900541
43 2053.857595 2055.898771
44 4331.303887 2798.135396
45 3095.477689 472.516791
46 4055.977808 3045.541010
47 3892.384079 2569.432609
48 306.961216 3526.754108
49 4910.198763 1915.590288
50 2517.371979 862.568931
51 1806.806902 3360.613265
52 4794.242806 1658.252706
53 2690.665441 3168.990301
54 3007.040627 1645.312534
55 1147.552596 2264.081088
56 2084.694494 2409.193108
57 5120.081899 841.232128
58 221.117807 2785.146930
59 617.902300 1286.062487
60 4462.537712 529.256561
61 4040.993706 3550.093721
62 188.317625 2217.522245
63 2371.467906 3675.639004
64 4274.240300 669.069401
65 5146.880931 80.948126
66 2440.768595 117.898741
67 1276.995256 1103.589818
68 4403.808548 3698.505605
69 3640.196141 1264.724211
70 760.078821 2258.822804
71 1424.600736 559.702023
72 3295.930713 3830.680641
73 806.081816 2075.000405
74 847.311626 3450.539613
75 2837.866501 1725.835515
76 4779.668313 1216.880863
77 1698.511854 3827.924501
78 2291.065075 582.669118
79 1302.738901 3235.482031

0 784.658345 2891.636220
1 2146.228579 3289.526755
2 4761.436974 923.034372
3 5056.347351 2476.546864
4 3167.303212 428.154100
5 2582.297333 3610.004292
6 2315.888263 3152.121212
7 3985.435588 234.399017
8 2428.979557 301.559125
9 1318.574509 2048.276941
10 4821.927835 1758.390524
11 3524.897459 800.579594
12 4118.225097 3712.575540
13 4848.295394 652.821459
14 2549.876924 1313.406411
15 2424.142471 2233.136937
16 2470.293826 3607.020657
17 3048.663221 2617.495738
18 4997.268666 1544.371340
19 3561.419308 3872.268542
20 2917.220430 914.506027
21 1809.255859 1510.832876
22 1004.067289 743.343447
23 3061.526476 3835.682638
24 2852.441622 3754.185734
25 5100.917114 3033.191377
26 2025.889453 1501.811647
27 641.762505 3223.219968
28 4027.615846 2363.459537
29 2300.381687 214.915638
30 3046.614785 2439.382049
31 2744.707756 2358.398871
32 869.656576 421.270919
33 4313.973247 149.331159
34 493.450840 1483.633997
35 2445.136396 1263.212552
36 1879.509969 2595.466415
37 384.911591 1789.307257
38 4704.088273 3304.801110
39 610.368020 3855.234562
40 498.265816 247.092702
41 3220.453966 2440.478334
42 5090.579857 2722.951109
43 2053.958065 2055.922912
44 4331.406034 2798.192912
45 3095.508340 472.595054
46 4056.085680 3045.628226
47 3892.524190 2569.533943
48 307.080856 3526.813019
49 4910.332935 1915.695729
50 2517.512400 862.636581
51 1806.945581 3360.744469
52 4794.255299 1658.267101
53 2690.745344 3169.057624
54 3007.072421 1645.386114
55 1147.607421 2264.210848
56 2084.724949 2409.302321
57 5120.172198 841.357495
58 221.139422 2785.164429
59 617.936945 1286.070227
60 4462.611882 529.374028
61 4041.070035 3550.178405
62 188.349063 2217.619876
63 2371.487861 3675.678384
64 4274.318375 669.121807
65 5147.018844 81.000761
66 2440.894787 117.994508
67 1277.007385 1103.685695
68 4403.840551 3698.561296
69 3640.316850 1264.805891
70 760.101894 2258.944329
71 1424.602596 559.807069
72 3295.997834 3830.807443
73 806.216401 2075.059094
74 847.349781 3450.606313
75 2837.975531 1725.878675
76 4779.733303 1216.888690
77 1698.588077 3828.044298
78 2291.147403 582.687720
79 1302.768230 3235.552480

0 784.658345 2891.636220
1 2146.228579 3289.526755
2 4761.436974 923.034372
3 5056.347351 2476.546864
4 3167.303212 428.154100
5 2582.297333 3610.004292
6 2315.888263 3152.121212
7 3985.435588 234.399017
8 2428.979557 301.559125
9 1318.574509 2048.276941
10 4821.927835 1758.390524
11 3524.897459 800.579594
12 4118.225097 3712.575540
13 4848.295394 652.821459
14 2549.876924 1313.406411
15 2424.142471 2233.136937
16 2470.293826 3607.020657
17 3048.663221 2617.495738
18 4997.268666 1544.371340
19 3561.419308 3872.268542
20 2917.220430 914.506027
21 1809.255859 1510.832876
22 1004.067289 743.343447
23 3061.526476 3835.682638
24 2852.441622 3754.185734
25 5100.917114 3033.191377
26 2025.889453 1501.811647
27 641.762505 3223.219968
28 4027.615846 2363.459537
29 2300.381687 214.915638
30 3046.614785 2439.382049
31 2744.707756 2358.398871
32 869.656576 421.270919
33 4313.973247 149.331159
34 493.450840 1483.633997
35 2445.136396 1263.212552
36 1879.509969 2595.466415
37 384.911591 1789.307257
38 4704.088273 3304.801110
39 610.368020 3855.234562
40 498.265816 247.092702
41 3220.453966 2440.478334
42 5090.579857 2722.951109
43 2053.958065 2055.922912
44 4331.406034 2798.192912
45 3095.508340 472.595054
46 4056.085680 3045.628226
47 3892.524190 2569.533943
48 307.080856 3526.813019
49 4910.332935 1915.695729
50 2517.512400 862.636581
51 1806.945581 3360.744469
52 4794.255299 1658.267101
53 2690.745344 3169.057624
54 3007.072421 1645.386114
55 1147.607421 2264.210848
56 2084.724949 2409.302321
57 5120.172198 841.357495
58 221.139422 2785.164429
59 617.936945 1286.070227
60 4462.611882 529.374028
61 4041.070035 3550.178405
62 188.349063 2217.619876
63 2371.487861 3675.678384
64 4274.318375 669.121807
65 5147.018844 81.000761
66 2440.894787 117.994508
67 1277.007385 1103.685695
68 4403.840551 3698.561296
69 3640.316850 1264.805891
70 760.101894 2258.944329
71 1424.602596 559.807069
72 3295.997834 3830.807443
73 806.216401 2075.059094
74 847.349781 3450.606313
75 2837.975531 1725.878675
76 4779.733303 1216.888690
77 1698.588077 3828.044298
78 2291.147403 582.687720
79 1302.768230 3235.552480

0 784.658345 2891.636220
1 2146.228579 3289.526755
2 4761.436974 923.034372
3 5056.347351 2476.546864
4 3167.303212 428.154100
5 2582.297333 3610.004292
6 2315.888263 3152.121212
7 3985.435588 234.399017
8 2428.979557 301.559125
9 1318.574509 2048.276941
10 4821.927835 1758.390524
11 3524.897459 800.579594
12 4118.225097 3712.575540
13 4848.295394 652.821459
14 2549.876924 1313.406411
15 2424.142471 2233.136937
16 2470.293826 3607.020657
17 3048.663221 2617.495738
18 4997.268666 1544.371340
19 3561.419308 3872.268542
20 2917.220430 914.506027
21 1809.255859 1510.832876
22 1004.067289 743.343447
23 3061.526476 3835.682638
24 2852.441622 3754.185734
25 5100.917114 3033.191377
26 2025.889453 1501.811647
27 641.762505 3223.219968
28 4027.615846 2363.459537
29 2300.381687 214.915638
30 3046.614785 2439.382049
31 2744.707756 2358.398871
32 869.656576 421.270919
33 4313.973247 149.331159
34 493.450840 1483.633997
35 2445.136396 1263.212552
36 1879.509969 2595.466415
37 384.911591 1789.307257
38 4704.088273 3304.801110
39 610.368020 3855.234562
40 498.265816 247.092702
41 3220.453966 2440.478334
42 5090.579857 2722.951109
43 2053.958065 2055.922912
44 4331.406034 2798.192912
45 3095.508340 472.595054
46 4056.085680 3045.628226
47 3892.524190 2569.533943
48 307.080856 3526.813019
49 4910.332935 1915.695729
50 2517.512400 862.636581
51 1806.945581 3360.744469
52 4794.255299 1658.267101
53 2690.745344 3169.057624
54 3007.072421 1645.386114
55 1147.607421 2264.210848
56 2084.724949 2409.302321
57 5120.172198 841.357495
58 221.139422 2785.164429
59 617.936945 1286.070227
60 4462.611882 529.374028
61 4041.070035 3550.178405
62 188.349063 2217.619876
63 2371.487861 3675.678384
64 4274.318375 669.121807
65 5147.018844 81.000761
66 2440.894787 117.994508
67 1277.007385 1103.685695
68 4403.840551 3698.561296
69 3640.316850 1264.805891
70 760.101894 2258.944329
71 1424.602596 559.807069
72 3295.997834 3830.807443
73 806.216401 2075.059094
74 847.349781 3450.606313
75 2837.975531 1725.878675
76 4779.733303 1216.888690
77 1698.588077 3828.044298
78 2291.147403 582.687720
79 1302.768230 3235.552480

0 784.658345 2891.636220
1 2146.228579 3289.526755
2 4761.436974 923.034372
3 5056.347351 2476.546864
4 3167.303212 428.154100
5 2582.297333 3610.004292
6 2315.888263 3152.121212
7 3985.435588 234.399017
8 2428.979557 301.559125
9 1318.574509 2048.276941
10 4821.927835 1758.390524
11 3524.897459 800.579594
12 4118.225097 3712.575540
13 4848.295394 652.821459
14 2549.876924 1313.406411
15 2424.142471 2233.136937
16 2470.293826 3607.020657
17 3048.663221 2617.495738
18 4997.268666 1544.371340
19 3561.419308 3872.268542
20 2917.220430 914.506027
21 1809.255859 1510.832876
22 1004.067289 743.343447
23 3061.526476 3835.682638
24 2852.441622 3754.185734
25 5100.917114 3033.191377
26 2025.889453 1501.811647
27 641.762505 3223.219968
28 4027.615846 2363.459537
29 2300.381687 214.915638
30 3046.614785 2439.382049
31 2744.707756 2358.398871
32 869.656576 421.270919
33 4313.973247 149.331159
34 493.450840 1483.633997
35 2445.136396 1263.212552
36 1879.509969 2595.466415
37 384.911591 1789.307257
38 4704.088273 3304.801110
39 610.368020 3855.234562
40 498.265816 247.092702
41 3220.453966 2440.478334
42 5090.579857 2722.951109
43 2053.958065 2055.922912
44 4331.406034 2798.192912
45 3095.508340 472.595054
46 4056.085680 3045.628226
47 3892.524190 2569.533943
48 307.080856 3526.813019
49 4910.332935 1915.695729
50 2517.512400 862.636581
51 1806.945581 3360.744469
52 4794.255299 1658.267101
53 2690.745344 3169.057624
54 3007.072421 1645.386114
55 1147.607421 2264.210848
56 2084.724949 2409.302321
57 5120.172198 841.357495
58 221.139422 2785.164429
59 617.936945 1286.070227
60 4462.611882 529.374028
61 4041.070035 3550.178405
62 188.349063 2217.619876
63 2371.487861 3675.678384
64 4274.318375 669.121807
65 5147.018844 81.000761
66 2440.894787 117.994508
67 1277.007385 1103.685695
68 4403.840551 3698.561296
69 3640.316850 1264.805891
70 760.101894 2258.944329
71 1424.602596 559.807069
72 3295.997834 3830.807443
73 806.216401 2075.059094
74 847.349781 3450.606313
75 2837.975531 1725.878675
76 4779.733303 1216.888690
77 1698.588077 3828.044298
78 2291.147403 582.687720
79 1302.768230 3235.552480

0 784.906443 2892.025046
1 2146.665386 3289.783868
2 4761.943790 923.323441
3 5056.532249 2476.911379
4 3167.591692 428.203892
5 2582.364627 3610.050710
6 2316.161423 3152.579024
7 3985.792788 234.759484
8 2429.263093 302.003217
9 1318.925017 2048.411689
10 4822.179432 1758.832404
11 3525.350984 800.869126
12 4118.584777 3713.023561
13 4848.466622 652.957012
14 2550.375807 1313.498876
15 2424.313461 2233.327227
16 2470.620647 3607.263536
17 3048.799124 2617.913731
18 4997.492396 1544.605238
19 3561.538854 3872.641174
20 2917.561779 914.951841
21 1809.591071 1511.000174
22 1004.387464 743.400605
23 3061.766756 3835.901900
24 2852.829065 3754.217632
25 5101.375546 3033.457886
26 2025.890325 1502.114247
27 642.158489 3223.371385
28 4027.818944 2363.660186
29 2300.671878 215.249356
30 3046.742771 2439.526608
31 2744.843085 2358.445822
32 869.663735 421.392030
33 4314.350628 149.842042
34 493.735229 1484.122022
35 2445.615971 1263.495894
36 1879.899307 2595.807367
37 385.378513 1789.621482
38 4704.547074 3305.280120
39 610.876073 3855.708519
40 498.345933 247.510089
41 3220.477469 2440.726602
42 5090.901624 2723.132886
43 2054.319222 2056.009693
44 4331.773219 2798.399660
45 3095.618519 472.876382
46 4056.473445 3045.941740
47 3893.027844 2569.898206
48 307.510924 3527.024785
49 4910.815235 1916.074752
50 2518.017166 862.879758
51 1807.444081 3361.216102
52 4794.300207 1658.318848
53 2691.032568 3169.299627
54 3007.186712 1645.650606
55 1147.804497 2264.677291
56 2084.834425 2409.694901
57 5120.496791 841.808149
58 221.217122 2785.227336
59 618.061480 1286.098048
60 4462.878496 529.796281
61 4041.344412 3550.482812
62 188.462070 2217.970827
63 2371.559592 3675.819941
64 4274.599031 669.310190
65 5147.514595 81.189967
66 2441.348402 118.338757
67 1277.050984 1104.030342
68 4403.955590 3698.761484
69 3640.750756 1265.099505
70 760.184833 2259.381171
71 1424.609283 560.184675
72 3296.239109 3831.263252
73 806.700188 2075.270060
74 847.486936 3450.846077
75 2838.367454 1726.033819
76 4779.966921 1216.916826
77 1698.862071 3828.474931
78 2291.443347 582.754587
79 1302.873659 3235.805720

0 784.906443 2892.025046
1 2146.665386 3289.783868
2 4761.943790 923.323441
3 5056.532249 2476.911379
4 3167.591692 428.203892
5 2582.364627 3610.050710
6 2316.161423 3152.579024
7 3985.792788 234.759484
8 2429.263093 302.003217
9 1318.925017 2048.411689
10 4822.179432 1758.832404
11 3525.350984 800.869126
12 4118.584777 3713.023561
13 4848.466622 652.957012
14 2550.375807 1313.498876
15 2424.313461 2233.327227
16 2470.620647 3607.263536
17 3048.799124 2617.913731
18 4997.492396 1544.605238
19 3561.538854 3872.641174
20 2917.561779 914.951841
21 1809.591071 1511.000174
22 1004.387464 743.400605
23 3061.766756 3835.901900
24 2852.829065 3754.217632
25 5101.375546 3033.457886
26 2025.890325 1502.114247
27 642.158489 3223.371385
28 4027.818944 2363.660186
29 2300.671878 215.249356
30 3046.742771 2439.526608
31 2744.843085 2358.445822
32 869.663735 421.392030
33 4314.350628 149.842042
34 493.735229 1484.122022
35 2445.615971 1263.495894
36 1879.899307 2595.807367
37 385.378513 1789.621482
38 4704.547074 3305.280120
39 610.876073 3855.708519
40 498.345933 247.510089
41 3220.477469 2440.726602
42 5090.901624 2723.132886
43 2054.319222 2056.009693
44 4331.773219 2798.399660
45 3095.618519 472.876382
46 4056.473445 3045.941740
47 3893.027844 2569.898206
48 307.510924 3527.024785
49 4910.815235 1916.074752
50 2518.017166 862.879758
51 1807.444081 3361.216102
52 4794.300207 1658.318848
53 2691.032568 3169.299627
54 3007.186712 1645.650606
55 1147.804497 2264.677291
56 2084.834425 2409.694901
57 5120.496791 841.808149
58 221.217122 2785.227336
59 618.061480 1286.098048
60 4462.878496 529.796281
61 4041.344412 3550.482812
62 188.462070 2217.970827
63 2371.559592 3675.819941
64 4274.599031 669.310190
65 5147.514595 81.189967
66 2441.348402 118.338757
67 1277.050984 1104.030342
68 4403.955590 3698.761484
69 3640.750756 1265.099505
70 760.184833 2259.381171
71 1424.609283 560.184675
72 3296.239109 3831.263252
73 806.700188 2075.270060
74 847.486936 3450.846077
75 2838.367454 1726.033819
76 4779.966921 1216.916826
77 1698.862071 3828.474931
78 2291.443347 582.754587
79 1302.873659 3235.805720

0 784.906443 2892.025046
1 2146.665386 3289.783868
2 4761.943790 923.323441
3 5056.532249 2476.911379
4 3167.591692 428.203892
5 2582.364627 3610.050710
6 2316.161423 3152.579024
7 3985.792788 234.759484
8 2429.263093 302.003217
9 1318.925017 2048.411689
10 4822.179432 1758.832404
11 3525.350984 800.869126
12 4118.584777 3713.023561
13 4848.466622 652.957012
14 2550.375807 1313.498876
15 2424.313461 2233.327227
16 2470.620647 3607.263536
17 3048.799124 2617.913731
18 4997.492396 1544.605238
19 3561.538854 3872.641174
20 2917.561779 914.951841
21 1809.591071 1511.000174
22 1004.387464 743.400605
23 3061.766756 3835.901900
24 2852.829065 3754.217632
25 5101.375546 3033.457886
26 2025.890325 1502.114247
27 642.158489 3223.371385
28 4027.818944 2363.660186
29 2300.671878 215.249356
30 3046.742771 2439.526608
31 2744.843085 2358.445822
32 869.663735 421.392030
33 4314.350628 149.842042
34 493.735229 1484.122022
35 2445.615971 1263.495894
36 1879.899307 2595.807367
37 385.378513 1789.621482
38 4704.547074 3305.280120
39 610.876073 3855.708519
40 498.345933 247.510089
41 3220.477469 2440.726602
42 5090.901624 2723.132886
43 2054.319222 2056.009693
44 4331.773219 2798.399660
45 3095.618519 472.876382
46 4056.473445 3045.941740
47 3893.027844 2569.898206
48 307.510924 3527.024785
49 4910.815235 1916.074752
50 2518.017166 862.879758
51 1807.444081 3361.216102
52 4794.300207 1658.318848
53 2691.032568 3169.299627
54 3007.186712 1645.650606
55 1147.804497 2264.677291
56 2084.834425 2409.694901
57 5120.496791 841.808149
58 221.217122 2785.227336
59 618.061480 1286.098048
60 4462.878496 529.796281
61 4041.344412 3550.482812
62 188.462070 2217.970827
63 2371.559592 3675.819941
64 4274.599031 669.310190
65 5147.514595 81.189967
66 2441.348402 118.338757
67 1277.050984 1104.030342
68 4403.955590 3698.761484
69 3640.750756 1265.099505
70 760.184833 2259.381171
71 1424.609283 560.184675
72 3296.239109 3831.263252
73 806.700188 2075.270060
74 847.486936 3450.846077
75 2838.367454 1726.033819
76 4779.966921 1216.916826
77 1698.862071 3828.474931
78 2291.443347 582.754587
79 1302.873659 3235.805720

0 785.870182 2893.535440
1 2148.362160 3290.782623
2 4763.912516 924.446326
3 5057.250485 2478.327333
4 3168.712290 428.397307
5 2582.626033 3610.231020
6 2317.222516 3154.357395
7 3987.180329 236.159717
8 2430.364487 303.728291
9 1320.286564 2048.935115
10 4823.156762 1760.548886
11 3527.112700 801.993815
12 4119.981952 3714.763897
13 4849.131757 653.483565
14 2552.313714 1313.858054
15 2424.977671 2234.066405
16 2471.890183 3608.207002
17 3049.327037 2619.537425
18 4998.361475 1545.513814
19 3562.003231 3874.088663
20 2918.887751 916.683608
21 1810.893201 1511.650042
22 1005.631181 743.622634
23 3062.700124 3836.753620
24 2854.334086 3754.341540
25 5103.156324 3034.493138
26 2025.893715 1503.289698
27 643.696687 3223.959562
28 4028.607877 2364.439603
29 2301.799122 216.545685
30 3047.239936 2440.088150
31 2745.368772 2358.628204
32 869.691544 421.862489
33 4315.816562 151.826565
34 494.839938 1486.017754
35 2447.478877 1264.596536
36 1881.411693 2597.131794
37 387.192272 1790.842088
38 4706.329284 3307.140836
39 612.849601 3857.549607
40 498.657146 249.131428
41 3220.568769 2441.690996
42 5092.151527 2723.838996
43 2055.722136 2056.346792
44 4333.199547 2799.202773
45 3096.046511 473.969200
46 4057.979716 3047.159583
47 3894.984286 2571.313183
48 309.181520 3527.847391
49 4912.688730 1917.547070
50 2519.977929 863.824381
51 1809.380507 3363.048161
52 4794.474652 1658.519860
53 2692.148289 3170.239684
54 3007.630672 1646.678027
55 1148.570039 2266.489189
56 2085.259686 2411.219881
57 5121.757671 843.558713
58 221.518946 2785.471695
59 618.545238 1286.206121
60 4463.914156 531.436523
61 4042.410228 3551.665281
62 188.901048 2219.334094
63 2371.838233 3676.369821
64 4275.689238 670.041962
65 5149.440336 81.924938
66 2443.110470 119.675991
67 1277.220348 1105.369122
68 4404.402458 3699.539113
69 3642.436261 1266.240047
70 760.507012 2261.078080
71 1424.635259 561.651482
72 3297.176345 3833.033844
73 808.579457 2076.089558
74 848.019712 3451.777441
75 2839.889880 1726.636477
76 4780.874406 1217.026120
77 1699.926403 3830.147720
78 2292.592940 583.014333
79 1303.283198 3236.789428

0 785.870182 2893.535440
1 2148.362160 3290.782623
2 4763.912516 924.446326
3 5057.250485 2478.327333
4 3168.712290 428.397307
5 2582.626033 3610.231020
6 2317.222516 3154.357395
7 3987.180329 236.159717
8 2430.364487 303.728291
9 1320.286564 2048.935115
10 4823.156762 1760.548886
11 3527.112700 801.993815
12 4119.981952 3714.763897
13 4849.131757 653.483565
14 2552.313714 1313.858054
15 2424.977671 2234.066405
16 2471.890183 3608.207002
17 3049.327037 2619.537425
18 4998.361475 1545.513814
19 3562.003231 3874.088663
20 2918.887751 916.683608
21 1810.893201 1511.650042
22 1005.631181 743.622634
23 3062.700124 3836.753620
24 2854.334086 3754.341540
25 5103.156324 3034.493138
26 2025.893715 1503.289698
27 643.696687 3223.959562
28 4028.607877 2364.439603
29 2301.799122 216.545685
30 3047.239936 2440.088150
31 2745.368772 2358.628204
32 869.691544 421.862489
33 4315.816562 151.826565
34 494.839938 1486.017754
35 2447.478877 1264.596536
36 1881.411693 2597.131794
37 387.192272 1790.842088
38 4706.329284 3307.140836
39 612.849601 3857.549607
40 498.657146 249.131428
41 3220.568769 2441.690996
42 5092.151527 2723.838996
43 2055.722136 2056.346792
44 4333.199547 2799.202773
45 3096.046511 473.969200
46 4057.979716 3047.159583
47 3894.984286 2571.313183
48 309.181520 3527.847391
49 4912.688730 1917.547070
50 2519.977929 863.824381
51 1809.380507 3363.048161
52 4794.474652 1658.519860
53 2692.148289 3170.239684
54 3007.630672 1646.678027
55 1148.570039 2266.489189
56 2085.259686 2411.219881
57 5121.757671 843.558713
58 221.518946 2785.471695
59 618.545238 1286.206121
60 4463.914156 531.436523
61 4042.410228 3551.665281
62 188.901048 2219.334094
63 2371.838233 3676.369821
64 4275.689238 670.041962
65 5149.440336 81.924938
66 2443.110470 119.675991
67 1277.220348 1105.369122
68 4404.402458 3699.539113
69 3642.436261 1266.240047
70 760.507012 2261.078080
71 1424.635259 561.651482
72 3297.176345 3833.033844
73 808.579457 2076.089558
74 848.019712 3451.777441
75 2839.889880 1726.636477
76 4780.874406 1217.026120
77 1699.926403 3830.147720
78 2292.592940 583.014333
79 1303.283198 3236.789428

0 785.870182 2893.535440
1 2148.362160 3290.782623
2 4763.912516 924.446326
3 5057.250485 2478.327333
4 3168.712290 428.397307
5 2582.626033 3610.231020
6 2317.222516 3154.357395
7 3987.180329 236.159717
8 2430.364487 303.728291
9 1320.286564 2048.935115
10 4823.156762 1760.548886
11 3527.112700 801.993815
12 4119.981952 3714.763897
13 4849.131757 653.483565
14 2552.313714 1313.858054
15 2424.977671 2234.066405
16 2471.890183 3608.207002
17 3049.327037 2619.537425
18 4998.361475 1545.513814
19 3562.003231 3874.088663
20 2918.887751 916.683608
21 1810.893201 1511.650042
22 1005.631181 743.622634
23 3062.700124 3836.753620
24 2854.334086 3754.341540
25 5103.156324 3034.493138
26 2025.893715 1503.289698
27 643.696687 3223.959562
28 4028.607877 2364.439603
29 2301.799122 216.545685
30 3047.239936 2440.088150
31 2745.368772 2358.628204
32 869.691544 421.862489
33 4315.816562 151.826565
34 494.839938 1486.017754
35 2447.478877 1264.596536
36 1881.411693 2597.131794
37 387.192272 1790.842088
38 4706.329284 3307.140836
39 612.849601 3857.549607
40 498.657146 249.131428
41 3220.568769 2441.690996
42 5092.151527 2723.838996
43 2055.722136 2056.346792
44 4333.199547 2799.202773
45 3096.046511 473.969200
46 4057.979716 3047.159583
47 3894.984286 2571.313183
48 309.181520 3527.847391
49 4912.688730 1917.547070
50 2519.977929 863.824381
51 1809.380507 3363.048161
52 4794.474652 1658.519860
53 2692.148289 3170.239684
54 3007.630672 1646.678027
55 1148.570039 2266.489189
56 2085.259686 2411.219881
57 5121.757671 843.558713
58 221.518946 2785.471695
59 618.545238 1286.206121
60 4463.914156 531.436523
61 4042.410228 3551.665281
62 188.901048 2219.334094
63 2371.838233 3676.369821
64 4275.689238 670.041962
65 5149.440336 81.924938
66 2443.110470 119.675991
67 1277.220348 1105.369122
68 4404.402458 3699.539113
69 3642.436261 1266.240047
70 760.507012 2261.078080
71 1424.635259 561.651482
72 3297.176345 3833.033844
73 808.579457 2076.089558
74 848.019712 3451.777441
75 2839.889880 1726.636477
76 4780.874406 1217.026120
77 1699.926403 3830.147720
78 2292.592940 583.014333
79 1303.283198 3236.789428

0 785.982437 2893.711368
1 2148.559797 3290.898956
2 4764.141829 924.577117
3 5057.334143 2478.492260
4 3168.842815 428.419836
5 2582.656481 3610.252022
6 2317.346110 3154.564536
7 3987.341947 236.322814
8 2430.492776 303.929224
9 1320.445154 2048.996083
10 4823.270599 1760.748818
11 3527.317901 802.124816
12 4120.144693 3714.966608
13 4849.209231 653.544897
14 2552.539437 1313.899890
15 2425.055037 2234.152503
16 2472.038056 3608.316895
17 3049.388527 2619.726550
18 4998.462703 1545.619643
19 3562.057320 3874.257263
20 2919.042197 916.885321
21 1811.044870 1511.725737
22 1005.776046 743.648496
23 3062.808840 3836.852827
24 2854.509388 3754.355973
25 5103.363745 3034.613722
26 2025.894109 1503.426613
27 643.875853 3224.028072
28 4028.699770 2364.530388
29 2301.930421 216.696678
30 3047.297845 2440.153557
31 2745.430003 2358.649447
32 869.694783 421.917287
33 4315.987312 152.057718
34 494.968612 1486.238565
35 2447.695864 1264.724737
36 1881.587852 2597.286061
37 387.403535 1790.984261
38 4706.536873 3307.357568
39 613.079474 3857.764054
40 498.693395 249.320278
41 3220.579403 2441.803327
42 5092.297113 2723.921243
43 2055.885544 2056.386057
44 4333.365683 2799.296318
45 3096.096362 474.096489
46 4058.155164 3047.301435
47 3895.212168 2571.477997
48 309.376107 3527.943206
49 4912.906951 1917.718562
50 2520.206314 863.934408
51 1809.606057 3363.261556
52 4794.494971 1658.543274
53 2692.278246 3170.349180
54 3007.682383 1646.797699
55 1148.659208 2266.700235
56 2085.309220 2411.397507
57 5121.904536 843.762615
58 221.554102 2785.500158
59 618.601585 1286.218709
60 4464.034788 531.627575
61 4042.534372 3551.803012
62 188.952179 2219.492885
63 2371.870689 3676.433870
64 4275.816223 670.127198
65 5149.664642 82.010545
66 2443.315712 119.831750
67 1277.240075 1105.525060
68 4404.454508 3699.629690
69 3642.632586 1266.372895
70 760.544538 2261.275733
71 1424.638284 561.822333
72 3297.285512 3833.240079
73 808.798350 2076.185012
74 848.081769 3451.885924
75 2840.067209 1726.706673
76 4780.980108 1217.038850
77 1700.050374 3830.342564
78 2292.726842 583.044588
79 1303.330900 3236.904008

0 785.982437 2893.711368
1 2148.559797 3290.898956
2 4764.141829 924.577117
3 5057.334143 2478.492260
4 3168.842815 428.419836
5 2582.656481 3610.252022
6 2317.346110 3154.564536
7 3987.341947 236.322814
8 2430.492776 303.929224
9 1320.445154 2048.996083
10 4823.270599 1760.748818
11 3527.317901 802.124816
12 4120.144693 3714.966608
13 4849.209231 653.544897
14 2552.539437 1313.899890
15 2425.055037 2234.152503
16 2472.038056 3608.316895
17 3049.388527 2619.726550
18 4998.462703 1545.619643
19 3562.057320 3874.257263
20 2919.042197 916.885321
21 1811.044870 1511.725737
22 1005.776046 743.648496
23 3062.808840 3836.852827
24 2854.509388 3754.355973
25 5103.363745 3034.613722
26 2025.894109 1503.426613
27 643.875853 3224.028072
28 4028.699770 2364.530388
29 2301.930421 216.696678
30 3047.297845 2440.153557
31 2745.430003 2358.649447
32 869.694783 421.917287
33 4315.987312 152.057718
34 494.968612 1486.238565
35 2447.695864 1264.724737
36 1881.587852 2597.286061
37 387.403535 1790.984261
38 4706.536873 3307.357568
39 613.079474 3857.764054
40 498.693395 249.320278
41 3220.579403 2441.803327
42 5092.297113 2723.921243
43 2055.885544 2056.386057
44 4333.365683 2799.296318
45 3096.096362 474.096489
46 4058.155164 3047.301435
47 3895.212168 2571.477997
48 309.376107 3527.943206
49 4912.906951 1917.718562
50 2520.206314 863.934408
51 1809.606057 3363.261556
52 4794.494971 1658.543274
53 2692.278246 3170.349180
54 3007.682383 1646.797699
55 1148.659208 2266.700235
56 2085.309220 2411.397507
57 5121.904536 843.762615
58 221.554102 2785.500158
59 618.601585 1286.218709
60 4464.034788 531.627575
61 4042.534372 3551.803012
62 188.952179 2219.492885
63 2371.870689 3676.433870
64 4275.816223 670.127198
65 5149.664642 82.010545
66 2443.315712 119.831750
67 1277.240075 1105.525060
68 4404.454508 3699.629690
69 3642.632586 1266.372895
70 760.544538 2261.275733
71 1424.638284 561.822333
72 3297.285512 3833.240079
73 808.798350 2076.185012
74 848.081769 3451.885924
75 2840.067209 1726.706673
76 4780.980108 1217.038850
77 1700.050374 3830.342564
78 2292.726842 583.044588
79 1303.330900 3236.904008

0 785.982437 2893.711368
1 2148.559797 3290.898956
2 4764.141829 924.577117
3 5057.334143 2478.492260
4 3168.842815 428.419836
5 2582.656481 3610.252022
6 2317.346110 3154.564536
7 3987.341947 236.322814
8 2430.492776 303.929224
9 1320.445154 2048.996083
10 4823.270599 1760.748818
11 3527.317901 802.124816
12 4120.144693 3714.966608
13 4849.209231 653.544897
14 2552.539437 1313.899890
15 2425.055037 2234.152503
16 2472.038056 3608.316895
17 3049.388527 2619.726550
18 4998.462703 1545.619643
19 3562.057320 3874.257263
20 2919.042197 916.885321
21 1811.044870 1511.725737
22 1005.776046 743.648496
23 3062.808840 3836.852827
24 2854.509388 3754.355973
25 5103.363745 3034.613722
26 2025.894109 1503.426613
27 643.875853 3224.028072
28 4028.699770 2364.530388
29 2301.930421 216.696678
30 3047.297845 2440.153557
31 2745.430003 2358.649447
32 869.694783 421.917287
33 4315.987312 152.057718
34 494.968612 1486.238565
35 2447.695864 1264.724737
36 1881.587852 2597.286061
37 387.403535 1790.984261
38 4706.536873 3307.357568
39 613.079474 3857.764054
40 498.693395 249.320278
41 3220.579403 2441.803327
42 5092.297113 2723.921243
43 2055.885544 2056.386057
44 4333.365683 2799.296318
45 3096.096362 474.096489
46 4058.155164 3047.301435
47 3895.212168 2571.477997
48 309.376107 3527.943206
49 4912.906951 1917.718562
50 2520.206314 863.934408
51 1809.606057 3363.261556
52 4794.494971 1658.543274
53 2692.278246 3170.349180
54 3007.682383 1646.797699
55 1148.659208 2266.700235
56 2085.309220 2411.397507
57 5121.904536 843.762615
58 221.554102 2785.500158
59 618.601585 1286.218709
60 4464.034788 531.627575
61 4042.534372 3551.803012
62 188.952179 2219.492885
63 2371.870689 3676.433870
64 4275.816223 670.127198
65 5149.664642 82.010545
66 2443.315712 119.831750
67 1277.240075 1105.525060
68 4404.454508 3699.629690
69 3642.632586 1266.372895
70 760.544538 2261.275733
71 1424.638284 561.822333
72 3297.285512 3833.240079
73 808.798350 2076.185012
74 848.081769 3451.885924
75 2840.067209 1726.706673
76 4780.980108 1217.038850
77 1700.050374 3830.342564
78 2292.726842 583.044588
79 1303.330900 3236.904008

0 785.982437 2893.711368
1 2148.559797 3290.898956
2 4764.141829 924.577117
3 5057.334143 2478.492260
4 3168.842815 428.419836
5 2582.656481 3610.252022
6 2317.346110 3154.564536
7 3987.341947 236.322814
8 2430.492776 303.929224
9 1320.445154 2048.996083
10 4823.270599 1760.748818
11 3527.317901 802.124816
12 4120.144693 3714.966608
13 4849.209231 653.544897
14 2552.539437 1313.899890
15 2425.055037 2234.152503
16 2472.038056 3608.316895
17 3049.388527 2619.726550
18 4998.462703 1545.619643
19 3562.057320 3874.257263
20 2919.042197 916.885321
21 1811.044870 1511.725737
22 1005.776046 743.648496
23 3062.808840 3836.852827
24 2854.509388 3754.355973
25 5103.363745 3034.613722
26 2025.894109 1503.426613
27 643.875853 3224.028072
28 4028.699770 2364.530388
29 2301.930421 216.696678
30 3047.297845 2440.153557
31 2745.430003 2358.649447
32 869.694783 421.917287
33 4315.987312 152.057718
34 494.968612 1486.238565
35 2447.695864 1264.724737
36 1881.587852 2597.286061
37 387.403535 1790.984261
38 4706.536873 3307.357568
39 613.079474 3857.764054
40 498.693395 249.320278
41 3220.579403 2441.803327
42 5092.297113 2723.921243
43 2055.885544 2056.386057
44 4333.365683 2799.296318
45 3096.096362 474.096489
46 4058.155164 3047.301435
47 3895.212168 2571.477997
48 309.376107 3527.943206
49 4912.906951 1917.718562
50 2520.206314 863.934408
51 1809.606057 3363.261556
52 4794.494971 1658.543274
53 2692.278246 3170.349180
54 3007.682383 1646.797699
55 1148.659208 2266.700235
56 2085.309220 2411.397507
57 5121.904536 843.762615
58 221.554102 2785.500158
59 618.601585 1286.218709
60 4464.034788 531.627575
61 4042.534372 3551.803012
62 188.952179 2219.492885
63 2371.870689 3676.433870
64 4275.816223 670.127198
65 5149.664642 82.010545
66 2443.315712 119.831750
67 1277.240075 1105.525060
68 4404.454508 3699.629690
69 3642.632586 1266.372895
70 760.544538 2261.275733
71 1424.638284 561.822333
72 3297.285512 3833.240079
73 808.798350 2076.185012
74 848.081769 3451.885924
75 2840.067209 1726.706673
76 4780.980108 1217.038850
77 1700.050374 3830.342564
78 2292.726842 583.044588
79 1303.330900 3236.904008

0 785.982437 2893.711368
1 2148.559797 3290.898956
2 4764.141829 924.577117
3 5057.334143 2478.492260
4 3168.842815 428.419836
5 2582.656481 3610.252022
6 2317.346110 3154.564536
7 3987.341947 236.322814
8 2430.492776 303.929224
9 1320.445154 2048.996083
10 4823.270599 1760.748818
11 3527.317901 802.124816
12 4120.144693 3714.966608
13 4849.209231 653.544897
14 2552.539437 1313.899890
15 2425.055037 2234.152503
16 2472.038056 3608.316895
17 3049.388527 2619.726550
18 4998.462703 1545.619643
19 3562.057320 3874.257263
20 2919.042197 916.885321
21 1811.044870 1511.725737
22 1005.776046 743.648496
23 3062.808840 3836.852827
24 2854.509388 3754.355973
25 5103.363745 3034.613722
26 2025.894109 1503.426613
27 643.875853 3224.028072
28 4028.699770 2364.530388
29 2301.930421 216.696678
30 3047.297845 2440.153557
31 2745.430003 2358.649447
32 869.694783 421.917287
33 4315.987312 152.057718
34 494.968612 1486.238565
35 2447.695864 1264.724737
36 1881.587852 2597.286061
37 387.403535 1790.984261
38 4706.536873 3307.357568
39 613.079474 3857.764054
40 498.693395 249.320278
41 3220.579403 2441.803327
42 5092.297113 2723.921243
43 2055.885544 2056.386057
44 4333.365683 2799.296318
45 3096.096362 474.096489
46 4058.155164 3047.301435
47 3895.212168 2571.477997
48 309.376107 3527.943206
49 4912.906951 1917.718562
50 2520.206314 863.934408
51 1809.606057 3363.261556
52 4794.494971 1658.543274
53 2692.278246 3170.349180
54 3007.682383 1646.797699
55 1148.659208 2266.700235
56 2085.309220 2411.397507
57 5121.904536 843.762615
58 221.554102 2785.500158
59 618.601585 1286.218709
60 4464.034788 531.627575
61 4042.534372 3551.803012
62 188.952179 2219.492885
63 2371.870689 3676.433870
64 4275.816223 670.127198
65 5149.664642 82.010545
66 2443.315712 119.831750
67 1277.240075 1105.525060
68 4404.454508 3699.629690
69 3642.632586 1266.372895
70 760.544538 2261.275733
71 1424.638284 561.822333
72 3297.285512 3833.240079
73 808.798350 2076.185012
74 848.081769 3451.885924
75 2840.067209 1726.706673
76 4780.980108 1217.038850
77 1700.050374 3830.342564
78 2292.726842 583.044588
79 1303.330900 3236.904008

0 785.982437 2893.711368
1 2148.559797 3290.898956
2 4764.141829 924.577117
3 5057.334143 2478.492260
4 3168.842815 428.419836
5 2582.656481 3610.252022
6 2317.346110 3154.564536
7 3987.341947 236.322814
8 2430.492776 303.929224
9 1320.445154 2048.996083
10 4823.270599 1760.748818
11 3527.317901 802.124816
12 4120.144693 3714.966608
13 4849.209231 653.544897
14 2552.539437 1313.899890
15 2425.055037 2234.152503
16 2472.038056 3608.316895
17 3049.388527 2619.726550
18 4998.462703 1545.619643
19 3562.057320 3874.257263
20 2919.042197 916.885321
21 1811.044870 1511.725737
22 1005.776046 743.648496
23 3062.808840 3836.852827
24 2854.509388 3754.355973
25 5103.363745 3034.613722
26 2025.894109 1503.426613
27 643.875853 3224.028072
28 4028.699770 2364.530388
29 2301.930421 216.696678
30 3047.297845 2440.153557
31 2745.430003 2358.649447
32 869.694783 421.917287
33 4315.987312 152.057718
34 494.968612 1486.238565
35 2447.695864 1264.724737
36 1881.587852 2597.286061
37 387.403535 1790.984261
38 4706.536873 3307.357568
39 613.079474 3857.764054
40 498.693395 249.320278
41 3220.579403 2441.803327
42 5092.297113 2723.921243
43 2055.885544 2056.386057
44 4333.365683 2799.296318
45 3096.096362 474.096489
46 4058.155164 3047.301435
47 3895.212168 2571.477997
48 309.376107 3527.943206
49 4912.906951 1917.718562
50 2520.206314 863.934408
51 1809.606057 3363.261556
52 4794.494971 1658.543274
53 2692.278246 3170.349180
54 3007.682383 1646.797699
55 1148.659208 2266.700235
56 2085.309220 2411.397507
57 5121.904536 843.762615
58 221.554102 2785.500158
59 618.601585 1286.218709
60 4464.034788 531.627575
61 4042.534372 3551.803012
62 188.952179 2219.492885
63 2371.870689 3676.433870
64 4275.816223 670.127198
65 5149.664642 82.010545
66 2443.315712 119.831750
67 1277.240075 1105.525060
68 4404.454508 3699.629690
69 3642.632586 1266.372895
70 760.544538 2261.275733
71 1424.638284 561.822333
72 3297.285512 3833.240079
73 808.798350 2076.185012
74 848.081769 3451.885924
75 2840.067209 1726.706673
76 4780.980108 1217.038850
77 1700.050374 3830.342564
78 2292.726842 583.044588
79 1303.330900 3236.904008

0 785.982437 2893.711368
1 2148.559797 3290.898956
2 4764.141829 924.577117
3 5057.334143 2478.492260
4 3168.842815 428.419836
5 2582.656481 3610.252022
6 2317.346110 3154.564536
7 3987.341947 236.322814
8 2430.492776 303.929224
9 1320.445154 2048.996083
10 4823.270599 1760.748818
11 3527.317901 802.124816
12 4120.144693 3714.966608
13 4849.209231 653.544897
14 2552.539437 1313.899890
15 2425.055037 2234.152503
16 2472.038056 3608.316895
17 3049.388527 2619.726550
18 4998.462703 1545.619643
19 3562.057320 3874.257263
20 2919.042197 916.885321
21 1811.044870 1511.725737
22 1005.776046 743.648496
23 3062.808840 3836.852827
24 2854.509388 3754.355973
25 5103.363745 3034.613722
26 2025.894109 1503.426613
27 643.875853 3224.028072
28 4028.699770 2364.530388
29 2301.930421 216.696678
30 3047.297845 2440.153557
31 2745.430003 2358.649447
32 869.694783 421.917287
33 4315.987312 152.057718
34 494.968612 1486.238565
35 2447.695864 1264.724737
36 1881.587852 2597.286061
37 387.403535 1790.984261
38 4706.536873 3307.357568
39 613.079474 3857.764054
40 498.693395 249.320278
41 3220.579403 2441.803327
42 5092.297113 2723.921243
43 2055.885544 2056.386057
44 4333.365683 2799.296318
45 3096.096362 474.096489
46 4058.155164 3047.301435
47 3895.212168 2571.477997
48 309.376107 3527.943206
49 4912.906951 1917.718562
50 2520.206314 863.934408
51 1809.606057 3363.261556
52 4794.494971 1658.543274
53 2692.278246 3170.349180
54 3007.682383 1646.797699
55 1148.659208 2266.700235
56 2085.309220 2411.397507
57 5121.904536 843.762615
58 221.554102 2785.500158
59 618.601585 1286.218709
60 4464.034788 531.627575
61 4042.534372 3551.803012
62 188.952179 2219.492885
63 2371.870689 3676.433870
64 4275.816223 670.127198
65 5149.664642 82.010545
66 2443.315712 119.831750
67 1277.240075 1105.525060
68 4404.454508 3699.629690
69 3642.632586 1266.372895
70 760.544538 2261.275733
71 1424.638284 561.822333
72 3297.285512 3833.240079
73 808.798350 2076.185012
74 848.081769 3451.885924
75 2840.067209 1726.706673
76 4780.980108 1217.038850
77 1700.050374 3830.342564
78 2292.726842 583.044588
79 1303.330900 3236.904008

0 786.374921 2894.326478
1 2149.250812 3291.305701
2 4764.943596 925.034414
3 5057.626646 2479.068910
4 3169.299180 428.498605
5 2582.762939 3610.325454
6 2317.778241 3155.288780
7 3987.907026 236.893061
8 2430.941320 304.631763
9 1320.999646 2049.209249
10 4823.668619 1761.447858
11 3528.035363 802.582847
12 4120.713695 3715.675363
13 4849.480109 653.759337
14 2553.328653 1314.046166
15 2425.325538 2234.453535
16 2472.555076 3608.701123
17 3049.603520 2620.387802
18 4998.816637 1545.989662
19 3562.246439 3874.846755
20 2919.582201 917.590586
21 1811.575165 1511.990397
22 1006.282552 743.738918
23 3063.188956 3837.199691
24 2855.122310 3754.406434
25 5104.088970 3035.035330
26 2025.895490 1503.905317
27 644.502287 3224.267608
28 4029.021065 2364.847807
29 2302.389493 217.224610
30 3047.500316 2440.382246
31 2745.644090 2358.723722
32 869.706108 422.108881
33 4316.584316 152.865918
34 495.418506 1487.010605
35 2448.454536 1265.172976
36 1882.203774 2597.825436
37 388.142191 1791.481355
38 4707.262681 3308.115348
39 613.883197 3858.513840
40 498.820137 249.980572
41 3220.616585 2442.196078
42 5092.806138 2724.208808
43 2056.456883 2056.523341
44 4333.946557 2799.623387
45 3096.270663 474.541541
46 4058.768595 3047.797404
47 3896.008932 2572.054249
48 310.056460 3528.278214
49 4913.669935 1918.318166
50 2521.004838 864.319107
51 1810.394670 3364.007665
52 4794.566014 1658.625136
53 2692.732625 3170.732020
54 3007.863187 1647.216118
55 1148.970977 2267.438133
56 2085.482408 2412.018558
57 5122.418031 844.475535
58 221.677021 2785.599673
59 618.798596 1286.262722
60 4464.456563 532.295567
61 4042.968428 3552.284575
62 189.130954 2220.048078
63 2371.984165 3676.657809
64 4276.260212 670.425213
65 5150.448904 82.309863
66 2444.033317 120.376341
67 1277.309048 1106.070280
68 4404.636496 3699.946381
69 3643.319011 1266.837383
70 760.675746 2261.966802
71 1424.648863 562.419693
72 3297.667203 3833.961155
73 809.563686 2076.518754
74 848.298743 3452.265224
75 2840.687219 1726.952107
76 4781.349683 1217.083361
77 1700.483825 3831.023810
78 2293.195015 583.150370
79 1303.497686 3237.304625

0 786.374921 2894.326478
1 2149.250812 3291.305701
2 4764.943596 925.034414
3 5057.626646 2479.068910
4 3169.299180 428.498605
5 2582.762939 3610.325454
6 2317.778241 3155.288780
7 3987.907026 236.893061
8 2430.941320 304.631763
9 1320.999646 2049.209249
10 4823.668619 1761.447858
11 3528.035363 802.582847
12 4120.713695 3715.675363
13 4849.480109 653.759337
14 2553.328653 1314.046166
15 2425.325538 2234.453535
16 2472.555076 3608.701123
17 3049.603520 2620.387802
18 4998.816637 1545.989662
19 3562.246439 3874.846755
20 2919.582201 917.590586
21 1811.575165 1511.990397
22 1006.282552 743.738918
23 3063.188956 3837.199691
24 2855.122310 3754.406434
25 5104.088970 3035.035330
26 2025.895490 1503.905317
27 644.502287 3224.267608
28 4029.021065 2364.847807
29 2302.389493 217.224610
30 3047.500316 2440.382246
31 2745.644090 2358.723722
32 869.706108 422.108881
33 4316.584316 152.865918
34 495.418506 1487.010605
35 2448.454536 1265.172976
36 1882.203774 2597.825436
37 388.142191 1791.481355
38 4707.262681 3308.115348
39 613.883197 3858.513840
40 498.820137 249.980572
41 3220.616585 2442.196078
42 5092.806138 2724.208808
43 2056.456883 2056.523341
44 4333.946557 2799.623387
45 3096.270663 474.541541
46 4058.768595 3047.797404
47 3896.008932 2572.054249
48 310.056460 3528.278214
49 4913.669935 1918.318166
50 2521.004838 864.319107
51 1810.394670 3364.007665
52 4794.566014 1658.625136
53 2692.732625 3170.732020
54 3007.863187 1647.216118
55 1148.970977 2267.438133
56 2085.482408 2412.018558
57 5122.418031 844.475535
58 221.677021 2785.599673
59 618.798596 1286.262722
60 4464.456563 532.295567
61 4042.968428 3552.284575
62 189.130954 2220.048078
63 2371.984165 3676.657809
64 4276.260212 670.425213
65 5150.448904 82.309863
66 2444.033317 120.376341
67 1277.309048 1106.070280
68 4404.636496 3699.946381
69 3643.319011 1266.837383
70 760.675746 2261.966802
71 1424.648863 562.419693
72 3297.667203 3833.961155
73 809.563686 2076.518754
74 848.298743 3452.265224
75 2840.687219 1726.952107
76 4781.349683 1217.083361
77 1700.483825 3831.023810
78 2293.195015 583.150370
79 1303.497686 3237.304625

0 786.388716 2894.348098
1 2149.275099 3291.319997
2 4764.971776 925.050487
3 5057.636926 2479.089178
4 3169.315220 428.501373
5 2582.766681 3610.328035
6 2317.793430 3155.314236
7 3987.926887 236.913104
8 2430.957085 304.656456
9 1321.019135 2049.216741
10 4823.682608 1761.472428
11 3528.060580 802.598946
12 4120.733693 3715.700273
13 4849.489629 653.766874
14 2553.356392 1314.051307
15 2425.335045 2234.464115
16 2472.573248 3608.714627
17 3049.611077 2620.411043
18 4998.829077 1546.002668
19 3562.253085 3874.867475
20 2919.601181 917.615374
21 1811.593804 1511.999699
22 1006.300354 743.742096
23 3063.202316 3837.211882
24 2855.143853 3754.408208
25 5104.114460 3035.050148
26 2025.895538 1503.922142
27 644.524304 3224.276027
28 4029.032358 2364.858963
29 2302.405628 217.243166
30 3047.507432 2440.390283
31 2745.651615 2358.726333
32 869.706507 422.115616
33 4316.605299 152.894325
34 495.434319 1487.037740
35 2448.481201 1265.188730
36 1882.225422 2597.844394
37 388.168153 1791.498827
38 4707.288191 3308.141982
39 613.911445 3858.540193
40 498.824592 250.003779
41 3220.617892 2442.209882
42 5092.824028 2724.218915
43 2056.476964 2056.528166
44 4333.966973 2799.634883
45 3096.276789 474.557184
46 4058.790156 3047.814836
47 3896.036937 2572.074502
48 310.080373 3528.289988
49 4913.696752 1918.339240
50 2521.032904 864.332628
51 1810.422388 3364.033889
52 4794.568511 1658.628013
53 2692.748595 3170.745476
54 3007.869541 1647.230824
55 1148.981934 2267.464068
56 2085.488495 2412.040386
57 5122.436079 844.500592
58 221.681341 2785.603171
59 618.805521 1286.264269
60 4464.471387 532.319045
61 4042.983684 3552.301501
62 189.137237 2220.067591
63 2371.988154 3676.665680
64 4276.275817 670.435688
65 5150.476468 82.320383
66 2444.058539 120.395481
67 1277.311473 1106.089443
68 4404.642892 3699.957511
69 3643.343137 1266.853708
70 760.680358 2261.991092
71 1424.649234 562.440689
72 3297.680618 3833.986499
73 809.590585 2076.530484
74 848.306369 3452.278555
75 2840.709011 1726.960733
76 4781.362672 1217.084925
77 1700.499059 3831.047754
78 2293.211470 583.154088
79 1303.503548 3237.318706

0 786.388716 2894.348098
1 2149.275099 3291.319997
2 4764.971776 925.050487
3 5057.636926 2479.089178
4 3169.315220 428.501373
5 2582.766681 3610.328035
6 2317.793430 3155.314236
7 3987.926887 236.913104
8 2430.957085 304.656456
9 1321.019135 2049.216741
10 4823.682608 1761.472428
11 3528.060580 802.598946
12 4120.733693 3715.700273
13 4849.489629 653.766874
14 2553.356392 1314.051307
15 2425.335045 2234.464115
16 2472.573248 3608.714627
17 3049.611077 2620.411043
18 4998.829077 1546.002668
19 3562.253085 3874.867475
20 2919.601181 917.615374
21 1811.593804 1511.999699
22 1006.300354 743.742096
23 3063.202316 3837.211882
24 2855.143853 3754.408208
25 5104.114460 3035.050148
26 2025.895538 1503.922142
27 644.524304 3224.276027
28 4029.032358 2364.858963
29 2302.405628 217.243166
30 3047.507432 2440.390283
31 2745.651615 2358.726333
32 869.706507 422.115616
33 4316.605299 152.894325
34 495.434319 1487.037740
35 2448.481201 1265.188730
36 1882.225422 2597.844394
37 388.168153 1791.498827
38 4707.288191 3308.141982
39 613.911445 3858.540193
40 498.824592 250.003779
41 3220.617892 2442.209882
42 5092.824028 2724.218915
43 2056.476964 2056.528166
44 4333.966973 2799.634883
45 3096.276789 474.557184
46 4058.790156 3047.814836
47 3896.036937 2572.074502
48 310.080373 3528.289988
49 4913.696752 1918.339240
50 2521.032904 864.332628
51 1810.422388 3364.033889
52 4794.568511 1658.628013
53 2692.748595 3170.745476
54 3007.869541 1647.230824
55 1148.981934 2267.464068
56 2085.488495 2412.040386
57 5122.436079 844.500592
58 221.681341 2785.603171
59 618.805521 1286.264269
60 4464.471387 532.319045
61 4042.983684 3552.301501
62 189.137237 2220.067591
63 2371.988154 3676.665680
64 4276.275817 670.435688
65 5150.476468 82.320383
66 2444.058539 120.395481
67 1277.311473 1106.089443
68 4404.642892 3699.957511
69 3643.343137 1266.853708
70 760.680358 2261.991092
71 1424.649234 562.440689
72 3297.680618 3833.986499
73 809.590585 2076.530484
74 848.306369 3452.278555
75 2840.709011 1726.960733
76 4781.362672 1217.084925
77 1700.499059 3831.047754
78 2293.211470 583.154088
79 1303.503548 3237.318706

0 786.633405 2894.731581
1 2149.705903 3291.573577
2 4765.471628 925.335583
3 5057.819284 2479.448683
4 3169.599735 428.550481
5 2582.833051 3610.373815
6 2318.062837 3155.765756
7 3988.279178 237.268617
8 2431.236725 305.094445
9 1321.364826 2049.349637
10 4823.930748 1761.908235
11 3528.507872 802.884500
12 4121.088430 3716.142138
13 4849.658504 653.900564
14 2553.848419 1314.142501
15 2425.503686 2234.651790
16 2472.895578 3608.954169
17 3049.745112 2620.823292
18 4999.049732 1546.233351
19 3562.370989 3875.234986
20 2919.937839 918.055062
21 1811.924409 1512.164698
22 1006.616129 743.798468
23 3063.439294 3837.428131
24 2855.525972 3754.439668
25 5104.566592 3035.312994
26 2025.896399 1504.220584
27 644.914846 3224.425363
28 4029.232664 2365.056854
29 2302.691831 217.572298
30 3047.633660 2440.532857
31 2745.785085 2358.772639
32 869.713567 422.235063
33 4316.977494 153.398187
34 495.714800 1487.519058
35 2448.954185 1265.468178
36 1882.609410 2598.180660
37 388.628659 1791.808733
38 4707.740687 3308.614410
39 614.412516 3859.007637
40 498.903608 250.415431
41 3220.641073 2442.454738
42 5093.141374 2724.398193
43 2056.833158 2056.613754
44 4334.329112 2799.838790
45 3096.385454 474.834646
46 4059.172592 3048.124041
47 3896.533669 2572.433759
48 310.504530 3528.498844
49 4914.172424 1918.713056
50 2521.530733 864.572464
51 1810.914038 3364.499041
52 4794.612801 1658.679049
53 2693.031872 3170.984153
54 3007.982261 1647.491682
55 1149.176302 2267.924101
56 2085.596467 2412.427572
57 5122.756211 844.945053
58 221.757973 2785.665213
59 618.928345 1286.291708
60 4464.734337 532.735495
61 4043.254290 3552.601724
62 189.248692 2220.413719
63 2372.058899 3676.805292
64 4276.552616 670.621482
65 5150.965406 82.506989
66 2444.505920 120.735000
67 1277.354473 1106.429354
68 4404.756350 3700.154948
69 3643.771080 1267.143287
70 760.762158 2262.421930
71 1424.655830 562.813105
72 3297.918578 3834.436045
73 810.067724 2076.738551
74 848.441639 3452.515024
75 2841.095549 1727.113745
76 4781.593079 1217.112674
77 1700.769289 3831.472469
78 2293.503347 583.220036
79 1303.607528 3237.568465

0 786.633405 2894.731581
1 2149.705903 3291.573577
2 4765.471628 925.335583
3 5057.819284 2479.448683
4 3169.599735 428.550481
5 2582.833051 3610.373815
6 2318.062837 3155.765756
7 3988.279178 237.268617
8 2431.236725 305.094445
9 1321.364826 2049.349637
10 4823.930748 1761.908235
11 3528.507872 802.884500
12 4121.088430 3716.142138
13 4849.658504 653.900564
14 2553.848419 1314.142501
15 2425.503686 2234.651790
16 2472.895578 3608.954169
17 3049.745112 2620.823292
18 4999.049732 1546.233351
19 3562.370989 3875.234986
20 2919.937839 918.055062
21 1811.924409 1512.164698
22 1006.616129 743.798468
23 3063.439294 3837.428131
24 2855.525972 3754.439668
25 5104.566592 3035.312994
26 2025.896399 1504.220584
27 644.914846 3224.425363
28 4029.232664 2365.056854
29 2302.691831 217.572298
30 3047.633660 2440.532857
31 2745.785085 2358.772639
32 869.713567 422.235063
33 4316.977494 153.398187
34 495.714800 1487.519058
35 2448.954185 1265.468178
36 1882.609410 2598.180660
37 388.628659 1791.808733
38 4707.740687 3308.614410
39 614.412516 3859.007637
40 498.903608 250.415431
41 3220.641073 2442.454738
42 5093.141374 2724.398193
43 2056.833158 2056.613754
44 4334.329112 2799.838790
45 3096.385454 474.834646
46 4059.172592 3048.124041
47 3896.533669 2572.433759
48 310.504530 3528.498844
49 4914.172424 1918.713056
50 2521.530733 864.572464
51 1810.914038 3364.499041
52 4794.612801 1658.679049
53 2693.031872 3170.984153
54 3007.982261 1647.491682
55 1149.176302 2267.924101
56 2085.596467 2412.427572
57 5122.756211 844.945053
58 221.757973 2785.665213
59 618.928345 1286.291708
60 4464.734337 532.735495
61 4043.254290 3552.601724
62 189.248692 2220.413719
63 2372.058899 3676.805292
64 4276.552616 670.621482
65 5150.965406 82.506989
66 2444.505920 120.735000
67 1277.354473 1106.429354
68 4404.756350 3700.154948
69 3643.771080 1267.143287
70 760.762158 2262.421930
71 1424.655830 562.813105
72 3297.918578 3834.436045
73 810.067724 2076.738551
74 848.441639 3452.515024
75 2841.095549 1727.113745
76 4781.593079 1217.112674
77 1700.769289 3831.472469
78 2293.503347 583.220036
79 1303.607528 3237.568465

0 786.633405 2894.731581
1 2149.705903 3291.573577
2 4765.471628 925.335583
3 5057.819284 2479.448683
4 3169.599735 428.550481
5 2582.833051 3610.373815
6 2318.062837 3155.765756
7 3988.279178 237.268617
8 2431.236725 305.094445
9 1321.364826 2049.349637
10 4823.930748 1761.908235
11 3528.507872 802.884500
12 4121.088430 3716.142138
13 4849.658504 653.900564
14 2553.848419 1314.142501
15 2425.503686 2234.651790
16 2472.895578 3608.954169
17 3049.745112 2620.823292
18 4999.049732 1546.233351
19 3562.370989 3875.234986
20 2919.937839 918.055062
21 1811.924409 1512.164698
22 1006.616129 743.798468
23 3063.439294 3837.428131
24 2855.525972 3754.439668
25 5104.566592 3035.312994
26 2025.896399 1504.220584
27 644.914846 3224.425363
28 4029.232664 2365.056854
29 2302.691831 217.572298
30 3047.633660 2440.532857
31 2745.785085 2358.772639
32 869.713567 422.235063
33 4316.977494 153.398187
34 495.714800 1487.519058
35 2448.954185 1265.468178
36 1882.609410 2598.180660
37 388.628659 1791.808733
38 4707.740687 3308.614410
39 614.412516 3859.007637
40 498.903608 250.415431
41 3220.641073 2442.454738
42 5093.141374 2724.398193
43 2056.833158 2056.613754
44 4334.329112 2799.838790
45 3096.385454 474.834646
46 4059.172592 3048.124041
47 3896.533669 2572.433759
48 310.504530 3528.498844
49 4914.172424 1918.713056
50 2521.530733 864.572464
51 1810.914038 3364.499041
52 4794.612801 1658.679049
53 2693.031872 3170.984153
54 3007.982261 1647.491682
55 1149.176302 2267.924101
56 2085.596467 2412.427572
57 5122.756211 844.945053
58 221.757973 2785.665213
59 618.928345 1286.291708
60 4464.734337 532.735495
61 4043.254290 3552.601724
62 189.248692 2220.413719
63 2372.058899 3676.805292
64 4276.552616 670.621482
65 5150.965406 82.506989
66 2444.505920 120.735000
67 1277.354473 1106.429354
68 4404.756350 3700.154948
69 3643.771080 1267.143287
70 760.762158 2262.421930
71 1424.655830 562.813105
72 3297.918578 3834.436045
73 810.067724 2076.738551
74 848.441639 3452.515024
75 2841.095549 1727.113745
76 4781.593079 1217.112674
77 1700.769289 3831.472469
78 2293.503347 583.220036
79 1303.607528 3237.568465

0 787.274004 2895.735543
1 2150.833752 3292.237452
2 4766.780244 926.081966
3 5058.296696 2480.389871
4 3170.344599 428.679044
5 2583.006808 3610.493667
6 2318.768147 3156.947843
7 3989.201479 238.199354
8 2431.968824 306.241105
9 1322.269849 2049.697559
10 4824.580381 1763.049184
11 3529.678888 803.632082
12 4122.017135 3717.298942
13 4850.100621 654.250565
14 2555.136549 1314.381248
15 2425.945188 2235.143123
16 2473.739441 3609.581292
17 3050.096016 2621.902565
18 4999.627411 1546.837283
19 3562.679661 3876.197134
20 2920.819215 919.206171
21 1812.789937 1512.596667
22 1007.442830 743.946052
23 3064.059705 3837.994271
24 2856.526362 3754.522029
25 5105.750278 3036.001128
26 2025.898652 1505.001909
27 645.937289 3224.816326
28 4029.757070 2365.574934
29 2303.441112 218.433970
30 3047.964126 2440.906114
31 2746.134510 2358.893868
32 869.732052 422.547777
33 4317.951903 154.717303
34 496.449102 1488.779155
35 2450.192463 1266.199778
36 1883.614696 2599.061009
37 389.834267 1792.620072
38 4708.925326 3309.851231
39 615.724324 3860.231412
40 499.110472 251.493138
41 3220.701760 2443.095772
42 5093.972186 2724.867546
43 2057.765678 2056.837825
44 4335.277195 2800.372620
45 3096.669941 475.561044
46 4060.173813 3048.933544
47 3897.834120 2573.374297
48 311.614979 3529.045632
49 4915.417740 1919.691708
50 2522.834056 865.200356
51 1812.201183 3365.716814
52 4794.728755 1658.812662
53 2693.773494 3171.609011
54 3008.277362 1648.174611
55 1149.685160 2269.128473
56 2085.879138 2413.441228
57 5123.594321 846.108656
58 221.958596 2785.827639
59 619.249899 1286.363544
60 4465.422743 533.825767
61 4043.962741 3553.387714
62 189.540481 2221.319885
63 2372.244112 3677.170799
64 4277.277279 671.107892
65 5152.245450 82.995525
66 2445.677170 121.623862
67 1277.467049 1107.319243
68 4405.053385 3700.671840
69 3644.891439 1267.901408
70 760.976310 2263.549869
71 1424.673095 563.788095
72 3298.541560 3835.612960
73 811.316877 2077.283273
74 848.795776 3453.134104
75 2842.107508 1727.514333
76 4782.196286 1217.185322
77 1701.476752 3832.584375
78 2294.267483 583.392690
79 1303.879749 3238.222338

0 787.274004 2895.735543
1 2150.833752 3292.237452
2 4766.780244 926.081966
3 5058.296696 2480.389871
4 3170.344599 428.679044
5 2583.006808 3610.493667
6 2318.768147 3156.947843
7 3989.201479 238.199354
8 2431.968824 306.241105
9 1322.269849 2049.697559
10 4824.580381 1763.049184
11 3529.678888 803.632082
12 4122.017135 3717.298942
13 4850.100621 654.250565
14 2555.136549 1314.381248
15 2425.945188 2235.143123
16 2473.739441 3609.581292
17 3050.096016 2621.902565
18 4999.627411 1546.837283
19 3562.679661 3876.197134
20 2920.819215 919.206171
21 1812.789937 1512.596667
22 1007.442830 743.946052
23 3064.059705 3837.994271
24 2856.526362 3754.522029
25 5105.750278 3036.001128
26 2025.898652 1505.001909
27 645.937289 3224.816326
28 4029.757070 2365.574934
29 2303.441112 218.433970
30 3047.964126 2440.906114
31 2746.134510 2358.893868
32 869.732052 422.547777
33 4317.951903 154.717303
34 496.449102 1488.779155
35 2450.192463 1266.199778
36 1883.614696 2599.061009
37 389.834267 1792.620072
38 4708.925326 3309.851231
39 615.724324 3860.231412
40 499.110472 251.493138
41 3220.701760 2443.095772
42 5093.972186 2724.867546
43 2057.765678 2056.837825
44 4335.277195 2800.372620
45 3096.669941 475.561044
46 4060.173813 3048.933544
47 3897.834120 2573.374297
48 311.614979 3529.045632
49 4915.417740 1919.691708
50 2522.834056 865.200356
51 1812.201183 3365.716814
52 4794.728755 1658.812662
53 2693.773494 3171.609011
54 3008.277362 1648.174611
55 1149.685160 2269.128473
56 2085.879138 2413.441228
57 5123.594321 846.108656
58 221.958596 2785.827639
59 619.249899 1286.363544
60 4465.422743 533.825767
61 4043.962741 3553.387714
62 189.540481 2221.319885
63 2372.244112 3677.170799
64 4277.277279 671.107892
65 5152.245450 82.995525
66 2445.677170 121.623862
67 1277.467049 1107.319243
68 4405.053385 3700.671840
69 3644.891439 1267.901408
70 760.976310 2263.549869
71 1424.673095 563.788095
72 3298.541560 3835.612960
73 811.316877 2077.283273
74 848.795776 3453.134104
75 2842.107508 1727.514333
76 4782.196286 1217.185322
77 1701.476752 3832.584375
78 2294.267483 583.392690
79 1303.879749 3238.222338

0 787.274004 2895.735543
1 2150.833752 3292.237452
2 4766.780244 926.081966
3 5058.296696 2480.389871
4 3170.344599 428.679044
5 2583.006808 3610.493667
6 2318.768147 3156.947843
7 3989.201479 238.199354
8 2431.968824 306.241105
9 1322.269849 2049.697559
10 4824.580381 1763.049184
11 3529.678888 803.632082
12 4122.017135 3717.298942
13 4850.100621 654.250565
14 2555.136549 1314.381248
15 2425.945188 2235.143123
16 2473.739441 3609.581292
17 3050.096016 2621.902565
18 4999.627411 1546.837283
19 3562.679661 3876.197134
20 2920.819215 919.206171
21 1812.789937 1512.596667
22 1007.442830 743.946052
23 3064.059705 3837.994271
24 2856.526362 3754.522029
25 5105.750278 3036.001128
26 2025.898652 1505.001909
27 645.937289 3224.816326
28 4029.757070 2365.574934
29 2303.441112 218.433970
30 3047.964126 2440.906114
31 2746.134510 2358.893868
32 869.732052 422.547777
33 4317.951903 154.717303
34 496.449102 1488.779155
35 2450.192463 1266.199778
36 1883.614696 2599.061009
37 389.834267 1792.620072
38 4708.925326 3309.851231
39 615.724324 3860.231412
40 499.110472 251.493138
41 3220.701760 2443.095772
42 5093.972186 2724.867546
43 2057.765678 2056.837825
44 4335.277195 2800.372620
45 3096.669941 475.561044
46 4060.173813 3048.933544
47 3897.834120 2573.374297
48 311.614979 3529.045632
49 4915.417740 1919.691708
50 2522.834056 865.200356
51 1812.201183 3365.716814
52 4794.728755 1658.812662
53 2693.773494 3171.609011
54 3008.277362 1648.174611
55 1149.685160 2269.128473
56 2085.879138 2413.441228
57 5123.594321 846.108656
58 221.958596 2785.827639
59 619.249899 1286.363544
60 4465.422743 533.825767
61 4043.962741 3553.387714
62 189.540481 2221.319885
63 2372.244112 3677.170799
64 4277.277279 671.107892
65 5152.245450 82.995525
66 2445.677170 121.623862
67 1277.467049 1107.319243
68 4405.053385 3700.671840
69 3644.891439 1267.901408
70 760.976310 2263.549869
71 1424.673095 563.788095
72 3298.541560 3835.612960
73 811.316877 2077.283273
74 848.795776 3453.134104
75 2842.107508 1727.514333
76 4782.196286 1217.185322
77 1701.476752 3832.584375
78 2294.267483 583.392690
79 1303.879749 3238.222338

0 787.274004 2895.735543
1 2150.833752 3292.237452
2 4766.780244 926.081966
3 5058.296696 2480.389871
4 3170.344599 428.679044
5 2583.006808 3610.493667
6 2318.768147 3156.947843
7 3989.201479 238.199354
8 2431.968824 306.241105
9 1322.269849 2049.697559
10 4824.580381 1763.049184
11 3529.678888 803.632082
12 4122.017135 3717.298942
13 4850.100621 654.250565
14 2555.136549 1314.381248
15 2425.945188 2235.143123
16 2473.739441 3609.581292
17 3050.096016 2621.902565
18 4999.627411 1546.837283
19 3562.679661 3876.197134
20 2920.819215 919.206171
21 1812.789937 1512.596667
22 1007.442830 743.946052
23 3064.059705 3837.994271
24 2856.526362 3754.522029
25 5105.750278 3036.001128
26 2025.898652 1505.001909
27 645.937289 3224.816326
28 4029.757070 2365.574934
29 2303.441112 218.433970
30 3047.964126 2440.906114
31 2746.134510 2358.893868
32 869.732052 422.547777
33 4317.951903 154.717303
34 496.449102 1488.779155
35 2450.192463 1266.199778
36 1883.614696 2599.061009
37 389.834267 1792.620072
38 4708.925326 3309.851231
39 615.724324 3860.231412
40 499.110472 251.493138
41 3220.701760 2443.095772
42 5093.972186 2724.867546
43 2057.765678 2056.837825
44 4335.277195 2800.372620
45 3096.669941 475.561044
46 4060.173813 3048.933544
47 3897.834120 2573.374297
48 311.614979 3529.045632
49 4915.417740 1919.691708
50 2522.834056 865.200356
51 1812.201183 3365.716814
52 4794.728755 1658.812662
53 2693.773494 3171.609011
54 3008.277362 1648.174611
55 1149.685160 2269.128473
56 2085.879138 2413.441228
57 5123.594321 846.108656
58 221.958596 2785.827639
59 619.249899 1286.363544
60 4465.422743 533.825767
61 4043.962741 3553.387714
62 189.540481 2221.319885
63 2372.244112 3677.170799
64 4277.277279 671.107892
65 5152.245450 82.995525
66 2445.677170 121.623862
67 1277.467049 1107.319243
68 4405.053385 3700.671840
69 3644.891439 1267.901408
70 760.976310 2263.549869
71 1424.673095 563.788095
72 3298.541560 3835.612960
73 811.316877 2077.283273
74 848.795776 3453.134104
75 2842.107508 1727.514333
76 4782.196286 1217.185322
77 1701.476752 3832.584375
78 2294.267483 583.392690
79 1303.879749 3238.222338

0 787.528143 2896.133835
1 2151.281193 3292.500825
2 4767.299399 926.378072
3 5058.486095 2480.763259
4 3170.640101 428.730048
5 2583.075741 3610.541215
6 2319.047958 3157.416801
7 3989.567375 238.568597
8 2432.259262 306.696008
9 1322.628890 2049.835587
10 4824.838103 1763.501822
11 3530.143454 803.928664
12 4122.385572 3717.757870
13 4850.276018 654.389418
14 2555.647577 1314.475963
15 2426.120340 2235.338045
16 2474.074219 3609.830085
17 3050.235227 2622.330734
18 4999.856588 1547.076876
19 3562.802117 3876.578838
20 2921.168875 919.662840
21 1813.133310 1512.768038
22 1007.770799 744.004601
23 3064.305835 3838.218870
24 2856.923238 3754.554704
25 5106.219871 3036.274125
26 2025.899546 1505.311877
27 646.342913 3224.971429
28 4029.965112 2365.780467
29 2303.738367 218.775813
30 3048.095229 2441.054193
31 2746.273134 2358.941962
32 869.739385 422.671838
33 4318.338472 155.240623
34 496.740414 1489.279061
35 2450.683712 1266.490018
36 1884.013513 2599.410262
37 390.312557 1792.941947
38 4709.395296 3310.341903
39 616.244745 3860.716909
40 499.192539 251.920687
41 3220.725836 2443.350084
42 5094.301787 2725.053748
43 2058.135627 2056.926718
44 4335.653319 2800.584402
45 3096.782803 475.849221
46 4060.571018 3049.254691
47 3898.350035 2573.747428
48 312.055516 3529.262553
49 4915.911782 1920.079959
50 2523.351111 865.449454
51 1812.711820 3366.199929
52 4794.774756 1658.865669
53 2694.067711 3171.856905
54 3008.394435 1648.445542
55 1149.887034 2269.606272
56 2085.991280 2413.843367
57 5123.926816 846.570281
58 222.038188 2785.892077
59 619.377467 1286.392043
60 4465.695847 534.258300
61 4044.243797 3553.699532
62 189.656240 2221.679380
63 2372.317590 3677.315802
64 4277.564768 671.300861
65 5152.753269 83.189338
66 2446.141829 121.976492
67 1277.511710 1107.672281
68 4405.171224 3700.876901
69 3645.335908 1268.202170
70 761.061269 2263.997345
71 1424.679945 564.174893
72 3298.788710 3836.079867
73 811.812442 2077.499375
74 848.936270 3453.379705
75 2842.508973 1727.673254
76 4782.435591 1217.214143
77 1701.757417 3833.025491
78 2294.570632 583.461185
79 1303.987745 3238.481742

0 787.528143 2896.133835
1 2151.281193 3292.500825
2 4767.299399 926.378072
3 5058.486095 2480.763259
4 3170.640101 428.730048
5 2583.075741 3610.541215
6 2319.047958 3157.416801
7 3989.567375 238.568597
8 2432.259262 306.696008
9 1322.628890 2049.835587
10 4824.838103 1763.501822
11 3530.143454 803.928664
12 4122.385572 3717.757870
13 4850.276018 654.389418
14 2555.647577 1314.475963
15 2426.120340 2235.338045
16 2474.074219 3609.830085
17 3050.235227 2622.330734
18 4999.856588 1547.076876
19 3562.802117 3876.578838
20 2921.168875 919.662840
21 1813.133310 1512.768038
22 1007.770799 744.004601
23 3064.305835 3838.218870
24 2856.923238 3754.554704
25 5106.219871 3036.274125
26 2025.899546 1505.311877
27 646.342913 3224.971429
28 4029.965112 2365.780467
29 2303.738367 218.775813
30 3048.095229 2441.054193
31 2746.273134 2358.941962
32 869.739385 422.671838
33 4318.338472 155.240623
34 496.740414 1489.279061
35 2450.683712 1266.490018
36 1884.013513 2599.410262
37 390.312557 1792.941947
38 4709.395296 3310.341903
39 616.244745 3860.716909
40 499.192539 251.920687
41 3220.725836 2443.350084
42 5094.301787 2725.053748
43 2058.135627 2056.926718
44 4335.653319 2800.584402
45 3096.782803 475.849221
46 4060.571018 3049.254691
47 3898.350035 2573.747428
48 312.055516 3529.262553
49 4915.911782 1920.079959
50 2523.351111 865.449454
51 1812.711820 3366.199929
52 4794.774756 1658.865669
53 2694.067711 3171.856905
54 3008.394435 1648.445542
55 1149.887034 2269.606272
56 2085.991280 2413.843367
57 5123.926816 846.570281
58 222.038188 2785.892077
59 619.377467 1286.392043
60 4465.695847 534.258300
61 4044.243797 3553.699532
62 189.656240 2221.679380
63 2372.317590 3677.315802
64 4277.564768 671.300861
65 5152.753269 83.189338
66 2446.141829 121.976492
67 1277.511710 1107.672281
68 4405.171224 3700.876901
69 3645.335908 1268.202170
70 761.061269 2263.997345
71 1424.679945 564.174893
72 3298.788710 3836.079867
73 811.812442 2077.499375
74 848.936270 3453.379705
75 2842.508973 1727.673254
76 4782.435591 1217.214143
77 1701.757417 3833.025491
78 2294.570632 583.461185
79 1303.987745 3238.481742

0 787.791174 2896.546063
1 2151.744289 3292.773412
2 4767.836718 926.684538
3 5058.682122 2481.149712
4 3170.945943 428.782837
5 2583.147086 3610.590427
6 2319.337559 3157.902166
7 3989.946073 238.950759
8 2432.559863 307.166828
9 1323.000493 2049.978445
10 4825.104843 1763.970296
11 3530.624275 804.235622
12 4122.766899 3718.232856
13 4850.457552 654.533129
14 2556.176485 1314.573993
15 2426.301622 2235.539787
16 2474.420710 3610.087582
17 3050.379309 2622.773884
18 5000.093783 1547.324851
19 3562.928858 3876.973897
20 2921.530769 920.135486
21 1813.488697 1512.945405
22 1008.110244 744.065199
23 3064.560577 3838.451328
24 2857.333999 3754.588522
25 5106.705894 3036.556673
26 2025.900471 1505.632689
27 646.762729 3225.131958
28 4030.180434 2365.993191
29 2304.046023 219.129616
30 3048.230919 2441.207453
31 2746.416609 2358.991739
32 869.746975 422.800239
33 4318.738565 155.782254
34 497.041919 1489.796458
35 2451.192150 1266.790413
36 1884.426284 2599.771734
37 390.807581 1793.275084
38 4709.881710 3310.849744
39 616.783375 3861.219392
40 499.277477 252.363194
41 3220.750754 2443.613293
42 5094.642919 2725.246465
43 2058.518520 2057.018722
44 4336.042603 2800.803593
45 3096.899613 476.147481
46 4060.982121 3049.587073
47 3898.884001 2574.133614
48 312.511467 3529.487065
49 4916.423110 1920.481794
50 2523.886256 865.707267
51 1813.240324 3366.699948
52 4794.822367 1658.920531
53 2694.372222 3172.113472
54 3008.515604 1648.725953
55 1150.095971 2270.100788
56 2086.107345 2414.259575
57 5124.270944 847.048058
58 222.120564 2785.958769
59 619.509498 1286.421539
60 4465.978507 534.705967
61 4044.534688 3554.022260
62 189.776049 2222.051453
63 2372.393639 3677.465880
64 4277.862315 671.500582
65 5153.278857 83.389931
66 2446.622745 122.341459
67 1277.557934 1108.037670
68 4405.293187 3701.089138
69 3645.795929 1268.513455
70 761.149200 2264.460478
71 1424.687034 564.575225
72 3299.044507 3836.563110
73 812.325346 2077.723038
74 849.081679 3453.633899
75 2842.924484 1727.837736
76 4782.683268 1217.243972
77 1702.047902 3833.482041
78 2294.884387 583.532077
79 1304.099519 3238.750223

0 787.791174 2896.546063
1 2151.744289 3292.773412
2 4767.836718 926.684538
3 5058.682122 2481.149712
4 3170.945943 428.782837
5 2583.147086 3610.590427
6 2319.337559 3157.902166
7 3989.946073 238.950759
8 2432.559863 307.166828
9 1323.000493 2049.978445
10 4825.104843 1763.970296
11 3530.624275 804.235622
12 4122.766899 3718.232856
13 4850.457552 654.533129
14 2556.176485 1314.573993
15 2426.301622 2235.539787
16 2474.420710 3610.087582
17 3050.379309 2622.773884
18 5000.093783 1547.324851
19 3562.928858 3876.973897
20 2921.530769 920.135486
21 1813.488697 1512.945405
22 1008.110244 744.065199
23 3064.560577 3838.451328
24 2857.333999 3754.588522
25 5106.705894 3036.556673
26 2025.900471 1505.632689
27 646.762729 3225.131958
28 4030.180434 2365.993191
29 2304.046023 219.129616
30 3048.230919 2441.207453
31 2746.416609 2358.991739
32 869.746975 422.800239
33 4318.738565 155.782254
34 497.041919 1489.796458
35 2451.192150 1266.790413
36 1884.426284 2599.771734
37 390.807581 1793.275084
38 4709.881710 3310.849744
39 616.783375 3861.219392
40 499.277477 252.363194
41 3220.750754 2443.613293
42 5094.642919 2725.246465
43 2058.518520 2057.018722
44 4336.042603 2800.803593
45 3096.899613 476.147481
46 4060.982121 3049.587073
47 3898.884001 2574.133614
48 312.511467 3529.487065
49 4916.423110 1920.481794
50 2523.886256 865.707267
51 1813.240324 3366.699948
52 4794.822367 1658.920531
53 2694.372222 3172.113472
54 3008.515604 1648.725953
55 1150.095971 2270.100788
56 2086.107345 2414.259575
57 5124.270944 847.048058
58 222.120564 2785.958769
59 619.509498 1286.421539
60 4465.978507 534.705967
61 4044.534688 3554.022260
62 189.776049 2222.051453
63 2372.393639 3677.465880
64 4277.862315 671.500582
65 5153.278857 83.389931
66 2446.622745 122.341459
67 1277.557934 1108.037670
68 4405.293187 3701.089138
69 3645.795929 1268.513455
70 761.149200 2264.460478
71 1424.687034 564.575225
72 3299.044507 3836.563110
73 812.325346 2077.723038
74 849.081679 3453.633899
75 2842.924484 1727.837736
76 4782.683268 1217.243972
77 1702.047902 3833.482041
78 2294.884387 583.532077
79 1304.099519 3238.750223

0 787.791174 2896.546063
1 2151.744289 3292.773412
2 4767.836718 926.684538
3 5058.682122 2481.149712
4 3170.945943 428.782837
5 2583.147086 3610.590427
6 2319.337559 3157.902166
7 3989.946073 238.950759
8 2432.559863 307.166828
9 1323.000493 2049.978445
10 4825.104843 1763.970296
11 3530.624275 804.235622
12 4122.766899 3718.232856
13 4850.457552 654.533129
14 2556.176485 1314.573993
15 2426.301622 2235.539787
16 2474.420710 3610.087582
17 3050.379309 2622.773884
18 5000.093783 1547.324851
19 3562.928858 3876.973897
20 2921.530769 920.135486
21 1813.488697 1512.945405
22 1008.110244 744.065199
23 3064.560577 3838.451328
24 2857.333999 3754.588522
25 5106.705894 3036.556673
26 2025.900471 1505.632689
27 646.762729 3225.131958
28 4030.180434 2365.993191
29 2304.046023 219.129616
30 3048.230919 2441.207453
31 2746.416609 2358.991739
32 869.746975 422.800239
33 4318.738565 155.782254
34 497.041919 1489.796458
35 2451.192150 1266.790413
36 1884.426284 2599.771734
37 390.807581 1793.275084
38 4709.881710 3310.849744
39 616.783375 3861.219392
40 499.277477 252.363194
41 3220.750754 2443.613293
42 5094.642919 2725.246465
43 2058.518520 2057.018722
44 4336.042603 2800.803593
45 3096.899613 476.147481
46 4060.982121 3049.587073
47 3898.884001 2574.133614
48 312.511467 3529.487065
49 4916.423110 1920.481794
50 2523.886256 865.707267
51 1813.240324 3366.699948
52 4794.822367 1658.920531
53 2694.372222 3172.113472
54 3008.515604 1648.725953
55 1150.095971 2270.100788
56 2086.107345 2414.259575
57 5124.270944 847.048058
58 222.120564 2785.958769
59 619.509498 1286.421539
60 4465.978507 534.705967
61 4044.534688 3554.022260
62 189.776049 2222.051453
63 2372.393639 3677.465880
64 4277.862315 671.500582
65 5153.278857 83.389931
66 2446.622745 122.341459
67 1277.557934 1108.037670
68 4405.293187 3701.089138
69 3645.795929 1268.513455
70 761.149200 2264.460478
71 1424.687034 564.575225
72 3299.044507 3836.563110
73 812.325346 2077.723038
74 849.081679 3453.633899
75 2842.924484 1727.837736
76 4782.683268 1217.243972
77 1702.047902 3833.482041
78 2294.884387 583.532077
79 1304.099519 3238.750223

0 787.791174 2896.546063
1 2151.744289 3292.773412
2 4767.836718 926.684538
3 5058.682122 2481.149712
4 3170.945943 428.782837
5 2583.147086 3610.590427
6 2319.337559 3157.902166
7 3989.946073 238.950759
8 2432.559863 307.166828
9 1323.000493 2049.978445
10 4825.104843 1763.970296
11 3530.624275 804.235622
12 4122.766899 3718.232856
13 4850.457552 654.533129
14 2556.176485 1314.573993
15 2426.301622 2235.539787
16 2474.420710 3610.087582
17 3050.379309 2622.773884
18 5000.093783 1547.324851
19 3562.928858 3876.973897
20 2921.530769 920.135486
21 1813.488697 1512.945405
22 1008.110244 744.065199
23 3064.560577 3838.451328
24 2857.333999 3754.588522
25 5106.705894 3036.556673
26 2025.900471 1505.632689
27 646.762729 3225.131958
28 4030.180434 2365.993191
29 2304.046023 219.129616
30 3048.230919 2441.207453
31 2746.416609 2358.991739
32 869.746975 422.800239
33 4318.738565 155.782254
34 497.041919 1489.796458
35 2451.192150 1266.790413
36 1884.426284 2599.771734
37 390.807581 1793.275084
38 4709.881710 3310.849744
39 616.783375 3861.219392
40 499.277477 252.363194
41 3220.750754 2443.613293
42 5094.642919 2725.246465
43 2058.518520 2057.018722
44 4336.042603 2800.803593
45 3096.899613 476.147481
46 4060.982121 3049.587073
47 3898.884001 2574.133614
48 312.511467 3529.487065
49 4916.423110 1920.481794
50 2523.886256 865.707267
51 1813.240324 3366.699948
52 4794.822367 1658.920531
53 2694.372222 3172.113472
54 3008.515604 1648.725953
55 1150.095971 2270.100788
56 2086.107345 2414.259575
57 5124.270944 847.048058
58 222.120564 2785.958769
59 619.509498 1286.421539
60 4465.978507 534.705967
61 4044.534688 3554.022260
62 189.776049 2222.051453
63 2372.393639 3677.465880
64 4277.862315 671.500582
65 5153.278857 83.389931
66 2446.622745 122.341459
67 1277.557934 1108.037670
68 4405.293187 3701.089138
69 3645.795929 1268.513455
70 761.149200 2264.460478
71 1424.687034 564.575225
72 3299.044507 3836.563110
73 812.325346 2077.723038
74 849.081679 3453.633899
75 2842.924484 1727.837736
76 4782.683268 1217.243972
77 1702.047902 3833.482041
78 2294.884387 583.532077
79 1304.099519 3238.750223

0 787.791174 2896.546063
1 2151.744289 3292.773412
2 4767.836718 926.684538
3 5058.682122 2481.149712
4 3170.945943 428.782837
5 2583.147086 3610.590427
6 2319.337559 3157.902166
7 3989.946073 238.950759
8 2432.559863 307.166828
9 1323.000493 2049.978445
10 4825.104843 1763.970296
11 3530.624275 804.235622
12 4122.766899 3718.232856
13 4850.457552 654.533129
14 2556.176485 1314.573993
15 2426.301622 2235.539787
16 2474.420710 3610.087582
17 3050.379309 2622.773884
18 5000.093783 1547.324851
19 3562.928858 3876.973897
20 2921.530769 920.135486
21 1813.488697 1512.945405
22 1008.110244 744.065199
23 3064.560577 3838.451328
24 2857.333999 3754.588522
25 5106.705894 3036.556673
26 2025.900471 1505.632689
27 646.762729 3225.131958
28 4030.180434 2365.993191
29 2304.046023 219.129616
30 3048.230919 2441.207453
31 2746.416609 2358.991739
32 869.746975 422.800239
33 4318.738565 155.782254
34 497.041919 1489.796458
35 2451.192150 1266.790413
36 1884.426284 2599.771734
37 390.807581 1793.275084
38 4709.881710 3310.849744
39 616.783375 3861.219392
40 499.277477 252.363194
41 3220.750754 2443.613293
42 5094.642919 2725.246465
43 2058.518520 2057.018722
44 4336.042603 2800.803593
45 3096.899613 476.147481
46 4060.982121 3049.587073
47 3898.884001 2574.133614
48 312.511467 3529.487065
49 4916.423110 1920.481794
50 2523.886256 865.707267
51 1813.240324 3366.699948
52 4794.822367 1658.920531
53 2694.372222 3172.113472
54 3008.515604 1648.725953
55 1150.095971 2270.100788
56 2086.107345 2414.259575
57 5124.270944 847.048058
58 222.120564 2785.958769
59 619.509498 1286.421539
60 4465.978507 534.705967
61 4044.534688 3554.022260
62 189.776049 2222.051453
63 2372.393639 3677.465880
64 4277.862315 671.500582
65 5153.278857 83.389931
66 2446.622745 122.341459
67 1277.557934 1108.037670
68 4405.293187 3701.089138
69 3645.795929 1268.513455
70 761.149200 2264.460478
71 1424.687034 564.575225
72 3299.044507 3836.563110
73 812.325346 2077.723038
74 849.081679 3453.633899
75 2842.924484 1727.837736
76 4782.683268 1217.243972
77 1702.047902 3833.482041
78 2294.884387 583.532077
79 1304.099519 3238.750223

