93.152965
93.566139
93.566139
93.566139
93.566139
93.566139
93.566139
93.566139
93.566139
93.566139
93.566139
93.566139
93.566139
93.566139
93.566139
93.566139
93.566139
93.566139
93.566139
93.566139
93.566139
93.566139
93.566139
93.566139
93.566139
93.566139
93.566139
93.719007
93.719007
93.719007
93.719007
93.719007
93.719007
93.719007
93.719007
93.719007
93.719007
93.719007
93.719007
93.719007
93.719007
93.719007
93.719007
93.719007
93.719007
93.719007
93.719007
93.819861
93.819861
93.819861
93.819861
93.819861
93.819861
93.845405
93.845405
93.845405
93.845405
93.845405
93.845405
93.845405
93.845405
93.845405
93.999586
93.999586
93.999586
93.999586
93.999586
93.999586
93.999586
93.999586
93.999586
93.999586
93.999586
93.999586
93.999586
93.999586
93.999586
93.999586
93.999586
93.999586
93.999586
93.999586
93.999586
93.999586
93.999586
93.999586
93.999586
93.999586
93.999586
93.999586
93.999586
93.999586
94.699594
94.699594
94.699594
94.699594
94.699594
94.699594
94.699594
94.699594
