0 2327.617215 2325.966337
1 5150.560875 1385.148472
2 4511.566445 3401.465561
3 164.409545 3567.524909
4 1540.797985 3767.245082
5 4464.103115 2041.583773
6 4978.290698 3716.736414
7 963.223722 939.306488
8 4911.556365 1299.893723
9 1614.806410 1837.326248
10 4061.491976 3328.384816
11 342.008800 3331.542313
12 3786.214647 2604.491976
13 1550.834369 136.861954
14 2843.966446 2960.793697
15 3170.273882 2018.319496
16 2445.540319 2712.918854
17 915.180435 360.252092
18 4651.487905 718.274702
19 1758.318657 1996.331126
20 4773.462702 1563.916299

0 2327.720419 2325.924854
1 5151.128756 1384.806491
2 4512.004515 3401.196897
3 164.699307 3567.114109
4 1541.116279 3766.705344
5 4464.658596 2041.459770
6 4978.809443 3716.356622
7 963.564026 938.770346
8 4911.998188 1299.839251
9 1615.228039 1836.874021
10 4061.839179 3327.990579
11 342.582469 3331.140543
12 3786.296845 2603.925663
13 1551.044895 136.584332
14 2844.051271 2960.439260
15 3170.487964 2017.774700
16 2445.942399 2712.859301
17 915.501996 359.703079
18 4651.760462 718.171665
19 1758.815537 1995.916831
20 4773.684353 1563.796063

0 2357.191039 2895.323497
1 3916.207826 1542.473163
2 2372.857556 2520.834590
3 945.562266 2888.508831
4 779.284673 3105.765056
5 3139.965604 891.732864
6 3871.442860 3423.510358
7 1598.748857 1636.263920
8 3273.525840 1368.339870
9 809.301544 1043.753564
10 2049.144556 2942.885355
11 345.062011 3146.334565
12 4207.232491 2912.720932
13 1519.583210 1444.323588
14 1778.207853 3066.829079
15 3684.219298 1954.356177
16 1118.998514 3365.350981
17 1251.499708 566.926518
18 4658.513193 514.088482
19 1873.811913 3038.077658
20 4342.683515 1249.454613

0 2368.977080 3124.633666
1 4450.521829 1503.604595
2 4173.094595 3904.902532
3 54.309004 3588.028249
4 763.390888 3720.345219
5 5198.092563 1280.973390
6 4724.001429 3696.222403
7 1551.035345 527.682098
8 4399.073338 1382.008720
9 757.888362 724.698962
10 4550.108138 3010.231056
11 305.077534 3764.596321
12 4223.734226 3372.507752
13 1513.008825 345.169294
14 1348.977175 3109.956671
15 3890.872919 1929.197974
16 947.830705 3266.116182
17 648.254301 615.084293
18 4661.003565 432.049056
19 787.912536 3411.617928
20 5017.956655 1226.521718

0 2314.942452 2079.079485
1 4868.195382 1233.224766
2 1896.909830 2549.300831
3 543.735849 3448.038281
4 1601.746086 2854.978845
5 1790.246350 3457.358290
6 3831.055417 3734.205809
7 477.925984 1364.944410
8 3559.723235 1331.042162
9 1863.976606 2327.232557
10 607.793040 3532.981472
11 170.643933 3865.448145
12 3441.984052 3657.862557
13 1550.280598 1721.811200
14 3305.980916 2914.229525
15 2948.137493 2045.706752
16 1973.643529 2151.698019
17 1095.606474 224.327330
18 4648.965076 806.136784
19 799.801262 1348.323805
20 3907.104111 1811.240521

0 2279.849786 1399.172509
1 4816.903710 1262.556189
2 1322.341164 2747.117869
3 409.692911 3271.560833
4 1510.081291 2628.681847
5 1654.067420 2785.156180
6 4737.216613 3667.827024
7 421.062874 1390.471401
8 3937.452762 1308.986376
9 2526.091570 3176.061808
10 290.857967 3560.920191
11 1697.511942 1693.074345
12 3382.211495 2805.902475
13 1553.313282 1945.437848
14 4578.612035 2786.816768
15 2335.144633 2121.170389
16 3567.769461 2045.642756
17 1094.693257 78.663040
18 4641.233146 1049.426262
19 616.023662 917.689025
20 3868.606234 1720.907968

0 2362.137445 2991.836475
1 4419.030466 1605.957501
2 1332.636178 2905.911261
3 343.518442 3584.241622
4 1229.066314 3169.500949
5 2589.295109 243.510833
6 4769.774182 3458.342317
7 1838.752647 505.093107
8 4303.155171 1309.504082
9 959.907892 736.239813
10 2215.442963 2976.945605
11 2281.522875 1820.482565
12 741.569911 3664.911009
13 1537.045124 1327.051512
14 1597.708983 3085.138289
15 3770.729568 1943.334209
16 2352.481000 3582.203840
17 710.651579 662.689558
18 4659.362862 480.179128
19 2662.980461 3216.182322
20 4181.035853 1202.194282

0 2340.203717 2567.544276
1 5050.916897 1459.758501
2 4680.813868 3474.409253
3 370.136770 2904.727333
4 984.558676 3598.654758
5 4519.781135 1504.481156
6 2735.486973 3171.895624
7 1432.873062 1085.560806
8 4510.048279 1395.682308
9 1363.506255 1400.368237
10 3423.935892 3172.165880
11 3542.066717 981.454482
12 2864.621203 181.439355
13 1527.399180 38.978214
14 2391.690019 3005.603481
15 3388.646114 1991.230358
16 2391.473536 3151.672197
17 842.255074 542.733285
18 4654.648031 631.297433
19 1493.596252 2459.171816
20 4791.697379 1478.599933

0 2315.595503 2091.361586
1 4121.187637 1307.926815
2 3067.026969 3729.980016
3 143.631813 3691.425568
4 1513.821189 2791.675736
5 1468.430292 3328.183151
6 4510.124645 3852.070036
7 382.898137 781.151142
8 4027.466082 1330.668339
9 1772.015126 2325.397726
10 1992.593890 3541.730096
11 3643.898274 276.782531
12 1252.556070 1934.455228
13 1547.728056 1610.292927
14 3282.956196 2916.442509
15 2959.356901 2044.361370
16 1725.677948 2221.536446
17 729.543636 140.682733
18 4649.191826 801.580509
19 952.143819 1316.606669
20 3809.104410 1754.589898

0 2346.935728 2697.779820
1 4530.656877 1421.001131
2 4814.441129 3502.856623
3 124.133749 2822.868809
4 1518.276092 2279.185191
5 3715.036856 1539.378830
6 3253.273684 3780.421598
7 968.818441 1235.063301
8 4113.120375 1280.425445
9 1202.471004 1352.325037
10 3803.210611 3610.937587
11 588.707090 2703.247391
12 4220.756699 1269.831989
13 1032.036326 2165.440213
14 2148.066677 3030.079357
15 3645.423836 1707.356342
16 1669.700970 2894.680419
17 875.071778 387.658957
18 4656.004669 585.245745
19 1959.428175 2495.348652
20 3142.767311 1462.779599

0 2329.764435 2365.423118
1 5272.642366 1426.907131
2 2577.995051 3518.939528
3 599.033597 2406.889775
4 891.987665 2611.101238
5 933.294399 1265.417108
6 1428.566952 3537.533508
7 1658.743360 772.829981
8 4118.241290 1407.458792
9 1570.907213 1678.764380
10 3904.323441 3118.708532
11 1436.445347 3871.615037
12 3833.732515 403.287360
13 2739.011711 1343.444174
14 2770.011172 2967.747381
15 3765.282673 938.282225
16 207.257909 2395.700245
17 704.302777 557.139454
18 4652.334559 703.617709
19 1077.934592 2390.140230
20 3552.529394 1448.581709

0 2319.007117 2157.206212
1 4227.035296 1428.987652
2 862.311348 3567.699082
3 826.101051 1840.890138
4 578.815672 2526.096668
5 4159.415786 1253.592530
6 3901.575228 3455.756190
7 1939.982711 639.026672
8 3717.469368 1471.211692
9 1792.337357 1909.839799
10 4099.893407 2834.715523
11 2929.261476 178.894343
12 2318.659027 1013.518953
13 3465.352843 913.618286
14 3159.659836 2928.702674
15 3716.588145 694.587530
16 1245.030637 2545.216919
17 583.841620 624.036073
18 4650.026802 777.810008
19 569.494291 2267.261147
20 3416.387755 1448.197887

0 2305.565658 1896.940875
1 5204.366248 1452.679594
2 27.638799 3861.198911
3 618.653505 311.147257
4 1381.590217 1355.214032
5 3036.162237 2190.244536
6 5044.339491 3142.356346
7 570.429292 1705.636238
8 843.597488 3648.014426
9 2027.072709 2421.812835
10 2857.301346 2505.314862
11 4100.020750 648.682208
12 1742.095768 3076.052028
13 454.860110 404.526665
14 3646.925740 2880.032761
15 1641.666017 3550.248630
16 4933.859343 2981.330948
17 504.390240 290.384155
18 4646.934623 871.364698
19 1215.612503 1529.139334
20 1469.007734 1508.130957

0 2330.611296 2381.777382
1 5088.838818 1451.096500
2 2776.774593 3881.585617
3 487.721801 1291.302017
4 1526.267729 2153.155248
5 2999.834392 1746.310102
6 4140.634484 3392.978348
7 441.725937 2150.522734
8 384.507194 1364.288266
9 1495.229692 1828.480366
10 2796.019212 3239.214191
11 1465.170772 2831.500816
12 2402.688042 2438.352436
13 1873.777614 1596.258365
14 2739.469328 2970.851687
15 3491.309928 3805.858875
16 3451.338958 3033.382515
17 505.443353 247.975818
18 4652.456754 698.027295
19 1710.621646 2504.211761
20 3220.192026 1518.392845

0 2381.807449 3372.925984
1 3814.231019 1411.804258
2 3011.296779 3498.806039
3 95.740330 3219.379065
4 629.620083 3464.776413
5 2097.462209 1027.608658
6 1592.350511 3632.572722
7 2110.115306 860.885463
8 3339.132653 260.275925
9 471.521305 363.756826
10 3834.610305 3602.687111
11 2232.672653 513.417933
12 783.791546 1621.779499
13 3321.940317 3677.107088
14 884.177251 3156.398551
15 3950.772563 1135.247130
16 3696.098844 2528.129722
17 716.572115 636.712511
18 4663.921511 342.979628
19 3449.242411 3341.474928
20 5169.481901 1450.038370

0 2372.260547 3188.143948
1 4216.179481 1392.182053
2 2742.891934 3172.183381
3 544.329067 2457.456812
4 456.472145 3295.597367
5 3891.114443 1253.610412
6 129.963602 3550.320179
7 3144.768828 421.211154
8 5079.316181 24.185134
9 725.652268 449.099549
10 3923.373293 3837.267424
11 608.941781 2671.950029
12 2628.842164 182.838807
13 3570.513351 3470.750563
14 1229.986045 3121.760056
15 4746.915296 370.747531
16 2524.033817 2027.382889
17 897.511288 905.313442
18 4661.857113 408.879932
19 2435.796590 3058.283342
20 5138.632363 1386.201905

0 2221.492546 269.298726
1 3197.568499 1507.042291
2 3573.082377 3201.231420
3 721.946393 267.084640
4 2422.012645 2235.106434
5 4690.229648 2440.086009
6 952.837656 3905.328586
7 3709.175257 2221.167157
8 2930.202922 2975.476782
9 3680.156817 2927.406351
10 2169.837840 1592.112820
11 1282.884647 249.217289
12 808.677122 2449.803365
13 2394.765080 122.091833
14 2791.517385 2575.326937
15 1136.457308 2680.311227
16 4658.422923 3838.247018
17 431.624822 418.741153
18 4628.114447 1454.390568
19 1117.654194 758.296006
20 1733.805977 1640.407259

0 2369.101170 3126.980813
1 1074.421065 1302.448092
2 4411.903886 2198.613218
3 282.332673 1446.171381
4 469.685693 3322.832470
5 2464.457780 467.009602
6 3426.904271 2642.548065
7 636.167317 351.815603
8 2158.658453 174.935555
9 1138.909418 3870.065358
10 920.059724 2460.374141
11 370.477215 1967.997571
12 1711.967456 2761.141615
13 1004.707765 3874.720213
14 1201.794618 3564.053757
15 3760.639006 2121.178854
16 2793.623684 480.666806
17 882.103691 532.114739
18 4661.152584 430.777854
19 2087.138122 1940.499498
20 4877.510886 1364.689122

0 2332.253734 2413.636933
1 4191.666788 1578.310028
2 3114.751890 1183.581857
3 504.785902 2586.913244
4 1211.625254 750.992977
5 269.523423 2095.130020
6 1649.891024 3870.159163
7 4471.864651 1694.116338
8 2607.575710 1355.670224
9 694.849809 146.909679
10 1313.054706 1814.024759
11 1293.728692 2666.436256
12 1213.829484 981.235888
13 3048.281332 997.373906
14 580.287220 2143.613523
15 3661.942832 1210.907964
16 2273.166330 3835.422649
17 725.315393 46.943041
18 4652.929820 686.196979
19 1679.969429 3719.573858
20 1504.747079 1549.816441

0 2343.154640 2624.538965
1 4942.701569 1068.727378
2 2873.922980 2263.059593
3 643.560837 3071.975345
4 769.316595 4.284550
5 5183.364894 124.582342
6 2166.712913 3159.146563
7 1725.629938 3608.760300
8 2447.235443 1675.554811
9 3165.305458 2936.661127
10 4064.862183 1207.971385
11 592.475446 2670.256918
12 258.954620 3281.889889
13 568.313536 586.316140
14 3680.991927 2558.076950
15 4012.524947 928.801352
16 4548.830210 259.406263
17 385.059139 1425.117314
18 4655.159645 611.491407
19 4161.155773 1330.252300
20 4356.601383 1266.463068

0 2355.651186 2866.466610
1 1816.629874 1159.064036
2 2011.172283 3486.597971
3 637.973459 3160.299748
4 893.026533 480.198910
5 3927.078283 73.135006
6 3605.931635 3177.314928
7 788.594682 2097.316607
8 1129.513322 1616.819362
9 1523.996852 3419.590465
10 520.028615 2020.948387
11 138.021119 2693.242108
12 4204.670904 1936.714457
13 2059.125740 89.083119
14 1800.553920 3849.492790
15 4349.061430 663.921922
16 405.837112 1032.383364
17 409.116227 1443.938553
18 4657.948943 524.863943
19 1708.408998 1059.883351
20 4426.878791 1269.818013

0 2392.487692 3579.888732
1 1838.217826 2130.124446
2 1450.875745 3893.809556
3 380.063359 1102.936524
4 1349.684971 3825.355545
5 3975.139693 2785.007313
6 4623.923826 2803.608661
7 3771.533448 1203.963441
8 3165.664519 762.123400
9 1176.675660 3637.314410
10 4133.913895 1028.262773
11 2159.388920 843.360024
12 2338.697338 1634.817833
13 2515.289601 1273.197985
14 4212.070982 1790.835918
15 5067.635226 305.400003
16 3878.622817 134.006189
17 1154.030328 2020.039614
18 4666.610007 267.656394
19 142.464168 3051.359586
20 3999.299282 1990.044819

0 2238.661257 601.715925
1 3369.095049 610.672970
2 3612.266801 715.009473
3 405.736405 899.722130
4 905.090135 1031.034297
5 4571.641682 2452.363326
6 1324.406417 2321.241487
7 3816.288134 2321.519861
8 2225.700106 1973.466694
9 1124.142523 1863.427242
10 3684.085406 458.105418
11 836.333922 3308.497735
12 4678.436620 2145.000077
13 1257.054578 456.650820
14 4118.434272 2838.135440
15 549.748642 3523.989011
16 5015.228762 1428.869020
17 219.843952 3821.618522
18 4632.017102 1335.082884
19 1814.788115 2613.918651
20 2918.130682 1238.363456

0 2295.257381 1697.294343
1 3632.785762 2713.534406
2 125.666975 3336.923531
3 762.338429 2077.444529
4 862.158230 621.011457
5 1813.805768 384.829451
6 2862.255306 396.496792
7 823.187465 420.455709
8 483.325242 517.664738
9 3173.334655 1385.004074
10 665.806267 2078.533995
11 139.663405 3419.731962
12 1891.124955 1049.410863
13 3846.622135 225.764986
14 1290.746978 3752.687559
15 3364.360416 1709.600065
16 793.196012 1410.196575
17 1047.679629 2055.363766
18 4644.489783 943.422822
19 1814.342472 1767.519345
20 4545.447091 3247.125038

0 2461.312769 2901.792334
1 2661.684077 691.049831
2 1458.449620 2058.453081
3 578.697219 804.157252
4 1244.648101 1801.155455
5 961.890207 3258.255123
6 3394.460166 1352.315248
7 838.219714 2948.555509
8 3138.139818 3057.901851
9 2362.748667 856.619636
10 832.863527 1204.819115
11 1755.589956 3395.022986
12 4355.809453 1899.314079
13 1538.239629 1107.513355
14 4590.921773 2302.569533
15 2872.954501 1503.521655
16 3769.268008 2049.407794
17 639.738283 1038.043928
18 4681.829791 208.836550
19 1473.862368 2481.052344
20 4131.152603 1745.448276

0 2397.997070 2210.028603
1 1121.401156 515.429690
2 3891.392010 75.964719
3 208.225381 2993.066117
4 1121.049866 1925.861416
5 962.239768 1397.103355
6 4868.180238 1584.574324
7 4259.499626 2201.601661
8 3021.210683 778.634875
9 3086.971982 67.064165
10 2025.940732 2238.134289
11 723.531946 800.331198
12 1425.081783 3134.876434
13 1238.797172 3737.410097
14 1383.711408 2975.174088
15 2306.496178 715.071236
16 4424.420354 3399.741637
17 352.215151 2265.776550
18 4653.303722 203.519007
19 2297.067931 2333.960500
20 4473.698530 887.968359

0 2274.593237 2588.848375
1 3392.150433 2331.416746
2 820.119027 3701.112507
3 778.500734 3189.580940
4 659.269326 1654.211986
5 2185.749395 182.377771
6 525.049671 781.124054
7 3595.490012 907.497924
8 3688.323980 2015.591513
9 4486.964731 2969.753354
10 5307.965537 1035.802133
11 699.312043 21.335555
12 883.108443 1399.346103
13 3528.844355 2219.238658
14 660.961629 3582.874432
15 3509.556036 557.476267
16 1034.641156 2512.067069
17 934.253532 2906.430614
18 4651.377052 743.521571
19 1205.822377 2254.860976
20 3940.972735 1547.078174

0 2242.744803 3659.321999
1 3972.772955 2290.862080
2 1882.196195 1518.987304
3 717.769331 3316.239597
4 876.185694 1234.286433
5 4921.902699 648.019568
6 868.694568 1948.067944
7 1254.790584 101.926089
8 2294.925400 1420.959224
9 4201.764709 3234.594670
10 3359.838366 1119.885016
11 579.435818 1417.954278
12 732.091844 1509.011395
13 3370.332550 552.757497
14 2645.182198 3255.046515
15 616.673597 2161.527243
16 295.738426 2241.479353
17 977.150114 1596.657276
18 4646.460821 1238.712894
19 2128.422024 2276.347765
20 4253.494143 1732.946548

0 1346.657121 2135.101207
1 128.670994 3871.215582
2 3829.801453 397.620149
3 1806.063171 3090.753710
4 1005.158168 940.138291
5 3789.019516 967.234310
6 3230.303831 2191.587897
7 2702.324043 1600.430581
8 2813.349229 408.210406
9 3102.486092 2516.426682
10 4344.302020 1749.795117
11 521.514376 3571.781064
12 4000.954686 3542.236127
13 987.080872 268.020783
14 1115.219555 890.768318
15 2608.406640 1739.838923
16 621.680448 3385.042343
17 2954.226816 2436.931473
18 3225.333762 2311.978515
19 4204.444150 2959.496215
20 1951.768379 2061.057559

0 1091.959483 3109.957127
1 2613.321394 882.864914
2 692.950116 2136.446681
3 198.637573 2930.371576
4 237.361226 2777.084809
5 364.351883 586.717703
6 1386.068416 2445.468619
7 5221.998108 1049.687544
8 4414.935729 2587.444950
9 881.210232 1181.161285
10 2363.034257 1613.830094
11 1018.083528 2918.339661
12 3735.929275 924.181103
13 2797.671441 3648.833749
14 1328.061044 1340.292707
15 808.182203 1749.837558
16 4997.319848 3775.776466
17 1928.453661 3365.217097
18 4143.500140 486.779480
19 4416.468197 2305.956064
20 1813.287356 3841.865927

0 1146.129522 2139.740787
1 1269.584328 3486.004352
2 1806.856504 2385.797475
3 505.150927 1091.309497
4 2336.075201 739.468807
5 2199.966890 635.838720
6 833.456845 1945.023282
7 758.392304 878.852739
8 396.480230 217.474974
9 4935.550973 1163.551143
10 4594.532459 2608.955894
11 1205.483992 1435.199137
12 3023.870896 1111.261484
13 2469.979787 1184.892669
14 2468.738669 214.032512
15 3583.306334 1277.399306
16 2123.509035 1668.600212
17 2453.734681 1293.831068
18 3392.353647 2402.366515
19 2055.596410 1873.130948
20 1418.225715 1257.150740

0 3836.797749 2279.568391
1 2648.359294 116.546755
2 3544.555294 1790.473354
3 1018.834324 3258.075568
4 595.913397 568.003446
5 1367.973948 1688.083776
6 1643.651849 2120.178532
7 513.944509 825.103641
8 3479.949105 2397.738454
9 3024.933475 1803.545260
10 4551.222863 3034.263904
11 1777.289842 191.901880
12 3655.601216 302.426404
13 2522.395292 190.885852
14 2506.960780 3049.483035
15 4044.405598 348.814928
16 2816.890536 2161.827262
17 3853.493090 6.529138
18 2012.303177 5.908198
19 3343.602054 2863.899914
20 5048.482376 1316.336739

0 4888.242145 2641.649580
1 4043.517784 205.579420
2 3458.864444 1223.524427
3 1538.099651 3563.023003
4 961.255193 476.156186
5 1912.093864 2006.530559
6 2369.691249 2150.173153
7 1904.381179 1104.075612
8 3981.692750 3298.586394
9 1161.571806 1717.354843
10 4280.643578 2232.740448
11 1349.332270 1038.608477
12 3500.807138 1587.086335
13 2025.046306 976.173086
14 1601.244778 3328.325580
15 2817.016476 237.731728
16 1761.772310 2888.490324
17 1077.162307 2604.907814
18 3224.808698 968.923329
19 3236.941667 3416.898163
20 4232.564650 762.259760

0 1243.424058 2554.336974
1 3945.020230 3006.629326
2 1667.812512 307.442952
3 774.776205 1728.219805
4 641.184448 842.983079
5 2384.750146 954.693950
6 517.344237 278.621210
7 2915.274209 1083.603324
8 2074.737151 788.544877
9 4097.913591 1845.969819
10 3468.889560 1994.333086
11 919.007051 794.455072
12 4943.224409 1902.584203
13 2143.741051 2854.131025
14 2175.321109 388.858018
15 4806.617386 661.072267
16 2121.218952 2949.194444
17 773.330111 3397.961762
18 3652.395960 2414.204851
19 3531.417024 2080.264668
20 3130.350120 823.733696

0 1067.963088 2545.204031
1 2568.587595 3050.457395
2 1366.061414 1931.295113
3 458.914108 203.821733
4 1474.387949 402.545092
5 3294.386195 129.210716
6 161.603510 2536.674876
7 3385.668852 1256.416719
8 3526.262494 126.437074
9 404.830456 1724.306196
10 3314.200503 1403.846043
11 637.727353 3152.033213
12 4654.346265 2453.573719
13 1988.592470 3067.866036
14 1639.057795 3213.034986
15 3645.626756 786.508673
16 662.357586 3057.122684
17 1206.966666 1125.362036
18 4364.224021 3551.561450
19 1652.309267 1406.301514
20 1597.740240 1324.749562

0 583.752735 2659.625994
1 1284.139861 3199.494826
2 2060.938187 631.503222
3 756.553521 1067.707462
4 1966.819979 1668.757769
5 3968.905268 297.926561
6 3786.041207 195.521525
7 862.231188 1562.181620
8 2516.962239 745.433307
9 2049.286579 1161.096469
10 4277.533017 775.945498
11 350.174834 2654.300489
12 3607.831988 1849.802131
13 1706.431098 1936.717801
14 693.404992 252.230253
15 2730.880026 536.018409
16 3251.451593 2910.472336
17 675.731562 1887.879405
18 3224.357501 3497.621119
19 2286.824510 2035.221142
20 3064.676876 2114.083568

0 1812.078526 2327.213655
1 3571.059043 2268.085368
2 2877.202713 1504.793916
3 833.247232 2150.453268
4 746.072779 742.906640
5 716.137362 1147.699299
6 1914.518813 637.524462
7 333.819655 815.655239
8 3765.039434 2052.736223
9 435.282964 1482.491574
10 4586.529680 3130.844726
11 1760.678125 2454.900358
12 922.658299 436.927484
13 2726.977316 208.297857
14 2929.505507 527.033487
15 2968.426842 799.175762
16 1632.421203 2169.614696
17 667.664079 2223.573263
18 2760.628771 54.693289
19 1807.134366 2594.113891
20 4548.035385 1833.393289

0 2617.913993 2573.862286
1 4406.737274 3447.172346
2 1662.893547 3699.251201
3 1215.739692 3878.596326
4 1870.789252 407.760412
5 2363.576599 988.043496
6 3373.168065 3666.759014
7 3051.317533 1105.285368
8 2812.849474 1496.766229
9 1494.809378 1486.437737
10 4145.204284 1949.468166
11 1211.871811 3199.591027
12 3768.293021 2495.194656
13 2050.034890 2191.819054
14 1418.730539 3800.965117
15 4067.887675 483.853680
16 2365.559522 2828.028056
17 313.622591 3153.758723
18 355.374850 3384.784068
19 255.481020 2537.351029
20 507.395811 1221.170168

0 1928.604767 2613.968191
1 4162.743189 1549.945495
2 2579.884603 2382.008119
3 772.707195 1691.403526
4 655.991631 838.300855
5 3294.896432 817.571658
6 1319.978268 3405.386918
7 4459.420963 1289.221265
8 2360.818507 629.401280
9 2793.559341 1726.592853
10 3515.416786 1461.971284
11 549.600200 2679.814009
12 4173.839867 2119.621320
13 1905.651124 3589.586920
14 1983.682786 3227.574908
15 4019.956245 751.685868
16 1500.866210 3140.235742
17 776.625182 993.622977
18 3977.715426 1340.484567
19 1663.214838 2104.744631
20 1159.658778 1358.086220

0 1225.690348 2582.504170
1 3498.855778 217.596289
2 2564.300328 1361.543750
3 368.918974 436.402158
4 786.148562 1832.579162
5 3544.153303 718.207579
6 1233.491119 2768.499846
7 4446.378234 1347.268334
8 2176.097898 166.154124
9 3415.365884 1894.654423
10 3186.157225 1407.793525
11 186.773859 2155.531036
12 3340.858570 1365.633450
13 1966.925182 3792.398355
14 2025.816318 2414.927695
15 4108.679564 972.141797
16 807.701912 3198.235717
17 865.793523 1140.640846
18 1131.432621 1448.688642
19 2952.349943 1793.315806
20 2322.282727 1605.346087

0 1818.594818 2412.306769
1 4216.535915 1157.375959
2 2447.400237 533.546889
3 540.639619 2184.326930
4 1167.691642 491.802032
5 1492.556964 1019.861446
6 2092.767490 381.341088
7 1592.519834 912.397331
8 3770.322805 1143.333659
9 1894.743649 1608.993701
10 3883.903461 2711.199483
11 1179.280481 3151.491159
12 2646.605434 400.657098
13 2580.665301 1946.891492
14 2436.992270 842.068936
15 3123.943450 931.266001
16 655.512220 2471.889352
17 786.336493 2768.961933
18 3075.935724 1179.290492
19 2207.967811 2182.928517
20 4002.179600 1621.719997

0 3242.124579 2374.344648
1 4364.899507 3871.473654
2 2425.930196 1922.955683
3 1109.914590 2642.633826
4 1459.474673 2842.253953
5 935.360748 1197.583103
6 2603.460204 2868.873451
7 818.952895 522.039206
8 4016.236898 2575.108669
9 870.005300 839.749455
10 4657.576976 3614.128830
11 2598.091945 3317.991253
12 5129.186383 798.601769
13 2959.698853 613.800510
14 2502.063638 3465.887386
15 2680.681611 526.952735
16 2191.301281 1693.486606
17 1016.583362 1400.398661
18 1585.555964 1312.988739
19 633.035393 2885.422517
20 4632.331078 1321.686325

0 1151.778445 3089.433194
1 349.540222 3023.493021
2 1882.122136 1943.726903
3 1083.134822 1167.837506
4 3453.256487 203.850414
5 4198.944208 611.364143
6 3712.239020 3369.434383
7 2731.917383 1921.264992
8 4614.190537 329.262125
9 1356.861766 263.171245
10 3861.164519 1144.601093
11 749.952112 1132.178713
12 4762.502639 3647.854681
13 939.796402 715.317911
14 306.563600 3528.866080
15 716.708945 43.616486
16 2586.613278 2780.647759
17 1988.045905 1738.593784
18 2464.075379 3460.870658
19 2361.671048 1768.101279
20 1127.877024 1724.311848

0 1355.571328 1957.626423
1 4338.001823 1831.261194
2 2203.853275 3157.855492
3 592.949195 3690.034366
4 2534.111976 909.308184
5 670.092937 119.051118
6 1872.935905 1975.695700
7 4420.732894 848.639217
8 2760.069569 1288.580919
9 3098.058248 3632.899426
10 4484.654795 2531.533884
11 1091.159654 2745.417219
12 2367.921583 341.048955
13 3512.740827 3060.043655
14 2018.253033 1422.805807
15 1709.048941 1461.220869
16 4480.026767 3741.472827
17 4148.716684 1216.944597
18 2740.947093 327.348412
19 3517.202675 2895.814086
20 4414.764123 1588.832065

0 1440.898503 1418.568060
1 3822.937600 1663.298352
2 2097.331537 2071.429907
3 554.262663 3039.677762
4 1255.289732 2892.591518
5 1201.958919 182.928935
6 1262.645937 3691.022531
7 4166.604576 388.888940
8 2447.281714 1689.903155
9 3491.841948 1905.557776
10 4268.635140 3073.591581
11 349.102319 2533.643869
12 1499.962589 891.771624
13 4448.553687 3016.648376
14 2517.912247 3642.081246
15 3463.100137 1446.265941
16 4729.253527 3421.412287
17 2211.406310 1059.301044
18 4104.353816 535.718514
19 3504.821641 3451.304316
20 3264.532907 1524.127492

0 3285.706437 3125.201609
1 4360.240970 3435.659750
2 2933.517761 1708.498412
3 1208.710519 97.995790
4 1899.380580 2260.922177
5 3272.298528 2147.845623
6 4074.157858 3357.669826
7 3015.389344 2229.776673
8 1340.479338 332.893190
9 2686.651625 881.012630
10 4218.965589 347.138673
11 1899.331150 3549.572979
12 5222.049460 1606.202308
13 2552.429461 1859.412227
14 917.326906 3662.586329
15 4383.393646 998.092228
16 4099.374478 787.835507
17 2637.671397 2139.308208
18 1377.311981 3774.720191
19 3081.391846 188.464989
20 985.911020 1554.719978

0 3280.341239 2668.409180
1 4934.551860 3255.516238
2 2634.444824 1597.740688
3 892.945932 346.372834
4 1958.987547 1643.211402
5 3152.094500 2677.652557
6 4459.267835 3142.361835
7 4321.502221 1965.302542
8 2660.011290 233.014256
9 3373.053684 1483.578043
10 3818.936618 305.804300
11 2489.076225 3568.150487
12 3646.631406 338.175783
13 413.998966 288.782294
14 1950.126729 3559.464771
15 3881.738124 1173.115189
16 3332.902157 1670.104510
17 2439.214807 562.329358
18 3536.521204 3704.030552
19 1784.744601 2238.507312
20 1471.914021 1517.038816

0 184.963729 3495.809012
1 1358.814118 1074.140720
2 1674.527624 1860.081970
3 597.547066 2678.768708
4 1068.302538 2322.779652
5 1792.410980 1989.670884
6 181.987606 3254.328392
7 4111.216129 192.879441
8 4711.964454 2638.976288
9 4269.235740 493.252050
10 4371.901660 3107.191392
11 1203.362615 1479.545143
12 2796.666170 3327.607380
13 4174.553918 935.649482
14 2120.298793 2917.074258
15 1426.569750 1249.522178
16 3982.732281 3417.705980
17 4088.257812 108.570084
18 433.634971 650.612262
19 780.915205 3254.620453
20 2881.127859 1591.672109

0 1200.602487 1674.330090
1 719.548028 930.950641
2 4025.907930 1584.240725
3 323.397601 2987.903299
4 144.305245 3745.386298
5 1938.959294 2805.613660
6 1168.432060 3888.770382
7 1027.207059 1003.684829
8 3098.931110 1375.349279
9 157.366811 2987.230025
10 3180.191949 3668.306794
11 2748.133523 256.325766
12 3474.644782 123.333426
13 2575.915967 1452.988585
14 2739.994298 1955.045918
15 608.888933 1514.986814
16 98.095034 3122.733453
17 2872.090198 1275.343191
18 2789.143518 498.959807
19 2138.155011 1722.624866
20 4789.885101 2404.616540

0 1485.945287 2685.840933
1 1789.668026 2425.926022
2 5342.070524 676.296276
3 529.384582 1792.295775
4 711.917409 3837.616704
5 2085.283705 3680.908442
6 3654.554894 3416.332985
7 2345.547367 2144.682492
8 513.105428 554.016747
9 4950.744419 717.486877
10 3567.283284 2607.008409
11 1590.892961 174.419736
12 2063.463651 1175.304770
13 702.925546 3320.196628
14 1407.823656 2486.275988
15 1040.058754 627.542599
16 4130.136965 3523.761975
17 962.590145 434.870536
18 1137.791159 1877.832844
19 2100.330478 1726.819494
20 3197.003475 567.195770

0 778.493126 3389.699963
1 4038.150586 1960.037001
2 1264.202119 3128.361430
3 642.215635 21.113881
4 144.364631 3337.378065
5 1268.532775 832.540844
6 2330.235968 3099.259650
7 3154.189753 2212.427984
8 681.222543 1309.943694
9 4087.424084 904.082893
10 1835.831623 1476.575424
11 4268.305779 3717.590379
12 314.051582 3873.972778
13 1507.504960 2834.103401
14 367.215875 3455.535501
15 3471.831934 1333.975764
16 3789.229614 3684.353780
17 4689.025828 23.910126
18 2256.929970 2217.508569
19 829.263187 2837.993479
20 5101.284022 250.222268

0 317.075748 3166.157210
1 4417.472822 1837.469218
2 860.459531 2711.519103
3 696.576342 1058.783643
4 456.146108 3071.226893
5 899.121044 2831.591431
6 4946.461710 2946.442240
7 3596.713288 2213.405245
8 1218.812740 1835.209402
9 1506.332151 486.929969
10 460.558219 795.934142
11 4256.878732 1309.280440
12 909.892121 2172.708848
13 2099.245229 2608.360367
14 305.103816 3772.326333
15 4898.927283 1712.979826
16 2322.542094 3737.635293
17 1002.832774 52.800520
18 700.835252 2303.793849
19 360.869181 3536.805123
20 3356.574270 77.580896

0 1041.946272 3351.093016
1 715.581433 2405.290344
2 5138.653477 1340.116063
3 391.885132 721.482929
4 702.283312 3720.765507
5 1357.468588 1767.632581
6 692.034327 3394.326666
7 4842.448808 1921.069368
8 3505.334420 950.295484
9 1844.652029 2263.360386
10 1477.069745 3267.952767
11 3878.184357 463.985800
12 774.077762 3326.976313
13 1253.117870 2926.954889
14 1092.384527 2222.821916
15 868.050080 529.712617
16 1191.847985 3719.889879
17 4403.771730 669.665497
18 3395.793230 1597.350075
19 2488.404921 1645.186629
20 3913.720987 754.515736

0 224.425218 3541.194969
1 2125.180475 2455.416403
2 4340.609524 2945.567844
3 565.758722 959.945062
4 1791.960890 3384.250444
5 1066.474030 1201.129920
6 2664.133322 3230.994188
7 2848.171735 1933.537939
8 2261.645233 1030.845466
9 4460.213745 3512.065195
10 3335.864403 3126.573984
11 3738.690771 1260.201858
12 468.415782 3689.317737
13 1359.799525 3058.425825
14 1785.694241 2068.249908
15 4077.639063 1628.346681
16 2432.437339 3687.517644
17 2154.773246 673.109115
18 3926.750711 2615.513754
19 2966.902716 1999.104595
20 3681.387311 265.057497

0 319.082104 3256.734168
1 1032.173655 1971.272919
2 1734.255790 2934.910295
3 642.421231 1765.845828
4 4658.323077 3271.597654
5 167.813198 2688.052770
6 3762.810990 3112.886261
7 2052.179071 2077.897707
8 3088.075358 1632.475457
9 3536.697234 1836.027394
10 2482.953063 948.018666
11 3549.367496 3343.753844
12 1447.484859 3126.210289
13 1957.745010 3681.987450
14 636.942665 3577.025348
15 577.582507 1108.594984
16 3711.797489 3677.315651
17 602.257344 46.432812
18 4682.854766 1844.005213
19 4321.111266 3480.613808
20 2593.783514 228.459215

0 722.872498 3054.317151
1 4753.639291 2276.081074
2 4095.094070 1796.512286
3 487.976526 2574.432802
4 732.770669 3405.464967
5 1512.461431 299.607842
6 4845.608409 3264.287985
7 1064.637698 1943.293151
8 385.362618 1242.111840
9 2266.158349 1951.925724
10 1805.648706 2331.599667
11 3948.536431 2215.401674
12 1138.679960 3025.064576
13 1470.761051 2860.162298
14 708.958714 2836.121648
15 2509.470608 1453.877662
16 4198.534976 3699.818605
17 3594.832316 380.395866
18 2787.617531 2028.161319
19 1466.167676 2386.986601
20 1228.332335 395.300437

0 893.823101 3613.508971
1 1293.989151 1933.759510
2 914.370017 1835.827924
3 765.488322 1723.052042
4 417.572885 3342.099754
5 1146.040352 2230.783360
6 1602.561354 3003.397018
7 1478.165722 2380.878360
8 338.577419 1132.336400
9 5100.185024 618.553116
10 1844.801415 1748.818093
11 5251.108271 1141.351078
12 624.810942 3322.440789
13 1284.521783 2706.022838
14 2474.131940 1124.698718
15 2682.273885 1382.965463
16 4242.884670 3681.924367
17 3096.150685 18.354125
18 3669.994238 2397.567245
19 3143.034179 2820.254004
20 3393.588493 182.378611

0 748.066002 3761.308315
1 2511.386513 1934.162512
2 2097.373091 1652.535918
3 528.872940 322.438588
4 432.075528 3550.571633
5 1392.666470 2770.745775
6 147.381732 3147.718595
7 449.106200 2292.276629
8 3213.534003 1265.540430
9 4940.287397 341.086012
10 1298.874123 1554.705724
11 4421.393153 2555.506874
12 556.358036 3629.672241
13 1497.409255 2552.240982
14 223.439267 3595.900668
15 1924.755511 1158.415584
16 2262.330911 3708.327329
17 3204.079266 251.454719
18 3747.588623 2217.881225
19 3711.655859 2600.222487
20 877.362922 333.133326

0 547.560531 3614.341132
1 4411.458613 2086.857635
2 3638.346951 1784.004703
3 426.397432 1878.949185
4 3254.415514 3791.851822
5 1816.685593 3901.072122
6 2884.377572 3269.588597
7 256.637484 2045.918478
8 5294.474354 1365.133416
9 3202.922198 893.248566
10 704.777203 1973.482670
11 3371.782781 1977.460736
12 414.329161 3072.695374
13 1716.279930 2097.985783
14 829.454875 2923.238622
15 4490.387170 1047.435322
16 519.901511 3747.521839
17 5259.499668 544.348686
18 3996.905666 1861.201803
19 840.948096 2309.769316
20 3155.857524 497.231066

0 233.930869 3049.945886
1 3444.250217 2396.091006
2 3013.495022 282.738443
3 478.612916 2936.374319
4 3657.613679 3559.378187
5 1126.888804 2397.823774
6 4862.921957 3326.654113
7 1365.313563 1751.416885
8 3959.178312 1358.724441
9 1271.192034 3279.986481
10 1980.905932 2855.476340
11 3223.411598 2066.771985
12 521.068402 2636.216504
13 1758.580278 2759.458926
14 881.990552 2845.800874
15 4326.384087 1349.424994
16 2061.610551 3727.839948
17 3361.513260 749.160738
18 3936.791951 1753.828389
19 349.745975 2362.167739
20 5288.326915 467.842345

0 1069.920729 3308.497596
1 1095.287981 1879.534981
2 3873.911958 19.885097
3 844.025081 3881.205569
4 745.766004 2939.581907
5 803.853291 3728.390617
6 4965.047294 2893.379946
7 4597.556185 2479.441110
8 3626.829170 1146.736302
9 3436.051771 881.972168
10 3477.815339 1004.479006
11 3162.877400 1128.204097
12 1346.388344 3262.909417
13 3857.041092 1252.564924
14 743.910344 3192.489084
15 2911.034280 1428.676715
16 1111.680366 3599.174722
17 832.934738 540.217889
18 1185.812685 2816.505023
19 628.755368 3164.855908
20 3958.129530 56.185771

0 703.752182 3440.928300
1 2090.047918 2202.908987
2 1981.439257 369.208212
3 496.985150 3720.641353
4 4166.085808 3619.894994
5 1038.990151 3226.116274
6 4679.256451 3198.873117
7 2275.436964 1850.676362
8 2352.927580 1263.682788
9 3789.884061 1554.377769
10 1696.329955 1914.849494
11 4369.665115 3316.611544
12 748.941192 3541.476808
13 925.276188 2041.040298
14 1046.845199 2771.149684
15 992.931285 1219.634604
16 642.583958 3727.055452
17 3224.802922 573.972784
18 3357.709855 2155.744816
19 2670.391612 2529.169439
20 5246.522966 563.130582

0 334.243017 3474.884503
1 273.215321 2155.716601
2 589.897401 3678.493700
3 270.900741 2974.274504
4 3418.196247 3864.761912
5 1285.593255 3672.491436
6 4363.784601 3328.773945
7 349.152869 1499.194174
8 548.267777 1339.846076
9 4228.787848 1709.030487
10 134.695611 2771.750146
11 3655.622905 3537.330784
12 63.893441 3566.065102
13 777.242483 2839.836260
14 1078.271537 2620.582369
15 799.048486 1157.318729
16 248.765234 3741.574628
17 4245.600090 665.503503
18 5073.724186 1500.067272
19 3050.567553 2020.573131
20 4081.976088 824.852780

0 2803.670452 1721.338418
1 4773.536969 2758.343334
2 2270.862450 3604.817144
3 2062.292286 3351.789521
4 969.468131 2319.646439
5 952.876475 3171.133543
6 3528.993092 2523.658595
7 4150.253977 2273.078105
8 3537.014745 1262.338777
9 3216.832292 1815.578620
10 3920.140701 870.125065
11 4511.817982 2956.775152
12 2518.194105 3683.437480
13 2088.505536 3899.135110
14 591.676778 2189.142579
15 2995.877177 587.928393
16 3691.938603 2741.639656
17 4180.466010 882.048380
18 2420.015226 2236.698438
19 621.513063 2906.103449
20 4314.226383 611.119539

0 2932.239915 776.678439
1 2237.646346 2405.530153
2 515.889519 288.591437
3 1281.558451 2172.157181
4 4843.510907 3092.742558
5 3161.655860 2957.134812
6 2854.280078 3172.309064
7 4146.760625 1471.297942
8 5332.495789 992.302459
9 1083.150478 3442.055253
10 2170.580987 726.531620
11 569.901739 188.895185
12 3591.441349 2134.131845
13 505.366359 882.018287
14 1787.247352 1062.452607
15 1237.357330 519.155405
16 726.374432 3634.883109
17 1275.679016 3505.797575
18 3561.489519 3025.170238
19 3725.525149 2276.530438
20 1309.970009 624.233714

0 3244.996850 3479.797201
1 4987.645617 2443.419562
2 1989.674435 2730.578353
3 1196.053553 3223.456072
4 2618.793181 3273.348325
5 1647.008323 3271.086231
6 4689.941762 3052.347080
7 2493.376727 2225.664571
8 1320.799814 1371.737466
9 5040.897955 435.861573
10 3683.700899 3016.765785
11 3437.044414 3804.736725
12 460.374128 3628.837338
13 2694.402103 852.697053
14 2496.216563 966.287405
15 1751.368625 1159.830546
16 573.283360 2948.519030
17 2185.744198 359.170042
18 3461.477553 2080.793300
19 2933.829441 2721.290915
20 3128.526843 102.772111

0 2061.761254 3892.598813
1 4203.982937 1620.854924
2 1097.029270 1262.405422
3 502.833451 3415.289523
4 1953.828900 3297.732232
5 1244.342191 788.770632
6 1825.093761 3050.901255
7 3024.098018 2562.722790
8 2650.618407 1228.160496
9 5166.974964 333.780362
10 4898.991905 280.911540
11 484.587710 2977.883636
12 500.084204 2535.525792
13 1567.794948 3144.959216
14 2733.840464 1145.196403
15 757.254623 1602.197965
16 1537.068308 3728.411635
17 1182.365754 1424.959607
18 1165.324803 1873.680451
19 1685.369218 3135.412943
20 3388.072429 314.814909

0 1729.451956 785.072429
1 1605.217840 3506.960564
2 633.006168 485.198177
3 1703.179864 253.397281
4 1010.045645 2006.234351
5 4826.975897 1353.557010
6 1998.223756 2470.448049
7 4826.173542 1136.100778
8 2334.780164 908.874090
9 950.843238 1718.057715
10 4532.863732 1240.846669
11 2265.879305 1140.405093
12 4657.394601 2967.894088
13 851.129805 1771.925903
14 4147.556924 2570.693787
15 5312.944731 549.776620
16 383.677183 2826.556128
17 2367.561594 3732.667345
18 4612.372708 2745.024445
19 1121.192647 1772.591192
20 1796.414229 2500.481658

0 3717.869641 911.761978
1 3945.397492 3324.243571
2 321.760609 1465.132032
3 2296.890967 2237.167730
4 674.661398 2475.056717
5 5173.091269 1099.976016
6 3618.801780 61.258406
7 3431.172047 826.275383
8 1663.971661 1087.750622
9 2173.670323 2122.930473
10 1242.183679 1313.812198
11 1633.952260 1828.113930
12 2594.856280 3168.584370
13 1771.676186 3197.546459
14 4272.902684 2046.129434
15 2119.492600 568.103719
16 1394.638352 2478.774220
17 3445.242588 1412.130355
18 2935.293948 2778.689262
19 1286.960955 2052.543222
20 1673.337708 1267.651116

0 1045.462282 2583.958946
1 1363.672745 1910.757213
2 1422.048991 2346.657998
3 723.415775 1990.586575
4 1938.194791 3514.715511
5 1939.479923 2881.063503
6 4733.343064 3849.233962
7 4633.046752 2320.251615
8 2875.042230 1304.714545
9 1945.558923 1359.891982
10 1343.333623 2081.448255
11 3710.818422 3569.870616
12 789.912974 3089.863001
13 1536.517437 2763.358317
14 2213.654008 3386.207348
15 2078.304704 656.326522
16 2040.293852 3367.094431
17 5134.991466 2730.932593
18 4323.122558 2252.848109
19 2043.057606 2977.904662
20 821.554012 1144.331684

0 3846.091747 3741.257315
1 1564.534130 1794.609963
2 1923.499738 127.558084
3 1380.321914 1894.375573
4 4062.565808 3516.186015
5 1969.350902 1023.916025
6 2005.103599 2990.297607
7 3059.829748 3569.790355
8 3809.698007 1482.151890
9 4006.634994 221.465584
10 2596.979457 1032.431752
11 869.769474 2631.133234
12 650.562515 1760.718745
13 1365.312112 3119.626258
14 3932.216135 3900.962521
15 1250.260902 1951.280028
16 3157.281554 3646.519765
17 4381.035240 1491.168689
18 1845.329489 1678.531545
19 538.053437 3614.971886
20 3030.258853 620.886469

0 400.559398 718.211943
1 2610.168118 3708.954288
2 1642.463330 1483.841745
3 1304.095737 193.548103
4 4059.991974 2029.795917
5 1014.051014 2370.076207
6 1018.742325 2219.294390
7 3006.949681 557.563580
8 4148.472134 582.584496
9 305.528064 1608.860888
10 3485.286813 2182.036355
11 2606.620921 916.120964
12 3924.447465 1690.445130
13 1963.860584 647.723823
14 199.400040 2635.366685
15 3822.727896 274.716733
16 746.705213 2283.705619
17 4312.750822 226.845473
18 4189.900539 3369.728214
19 5115.286115 1368.853541
20 579.076360 2309.516342

0 1627.307566 939.070423
1 3182.830428 1784.716145
2 252.145735 3080.297657
3 1289.350241 3558.779727
4 2621.592309 3808.690277
5 1463.308607 2142.881207
6 3659.613825 3620.387800
7 4587.751664 2102.921017
8 3037.629319 2256.428502
9 3780.747620 2657.821023
10 1704.769766 757.303762
11 1851.862791 2552.330214
12 513.206308 216.964864
13 1369.692254 1715.981822
14 873.830969 2231.557396
15 5341.340923 46.275278
16 3061.406675 3633.150383
17 5123.429928 7.161135
18 3506.770641 1854.819461
19 181.561148 2927.488532
20 2669.806434 1417.702540

0 869.537805 897.873379
1 634.598454 3210.026670
2 401.469709 958.618015
3 992.533547 3713.883964
4 1194.495707 2265.771866
5 790.923295 1233.079414
6 2349.281662 3028.580903
7 4904.328427 2121.282708
8 1310.927555 934.764719
9 4429.187754 2546.143562
10 1401.032248 2193.279388
11 3433.389818 2141.297075
12 4581.813562 1500.210587
13 1621.502201 846.904071
14 2813.191283 438.388446
15 2220.973376 407.014880
16 2245.811694 1806.079644
17 2577.799294 2858.591161
18 4456.227928 1974.136737
19 2245.491091 2268.397660
20 1466.974413 3197.148654

0 4286.824828 3867.343426
1 2089.182521 2319.813474
2 2085.944436 2806.467114
3 683.990154 1546.210601
4 758.328842 3285.514465
5 4140.227114 2702.517707
6 1384.472339 2220.968787
7 2380.290144 1664.043730
8 741.653235 1462.368164
9 3389.214177 464.528243
10 2274.685738 2806.693913
11 4613.117360 3131.887915
12 709.391446 1113.892419
13 1791.010566 2816.907377
14 513.531807 3458.816184
15 2250.324463 1927.777214
16 3291.339696 3396.912770
17 2492.237080 611.324294
18 2323.479755 2970.211360
19 3303.305904 2283.738796
20 2505.567571 159.621795

0 3780.562491 105.432373
1 2613.251087 2861.772059
2 377.645945 3822.670611
3 1858.813446 1340.791189
4 648.439782 1951.915992
5 3734.893522 755.201310
6 3705.942100 3005.787974
7 4618.959559 1323.350815
8 1447.920470 838.001601
9 2457.808450 1119.711767
10 297.912236 2445.444545
11 2325.977409 383.305409
12 4251.994616 3390.795918
13 1588.652698 3387.034117
14 1511.496806 624.325319
15 4249.631711 669.462528
16 2545.681207 3516.531283
17 3623.892951 3763.855813
18 4299.677524 2667.486676
19 2844.115441 2381.944745
20 449.731582 3557.246627

0 934.966184 835.648776
1 1042.774729 3557.404786
2 961.924730 1332.260028
3 1435.931114 1199.511943
4 4449.083371 2823.674913
5 1909.376805 278.353868
6 4170.357222 3327.151773
7 3589.528079 1483.208099
8 3941.392426 886.948117
9 2988.078561 729.364884
10 1823.182051 1433.186477
11 1958.284140 1724.528302
12 2502.656539 3436.209999
13 1568.138091 1825.911462
14 512.024173 1507.013280
15 4160.692469 314.163217
16 1856.603862 2320.710410
17 5048.321260 3027.208232
18 3892.990655 2261.008751
19 3008.872965 2203.836107
20 4250.655441 744.362010

0 1378.067216 1396.948504
1 274.804524 3900.428522
2 1416.727012 1213.461449
3 975.675787 2106.064883
4 155.289075 2682.565409
5 1633.413080 2804.775174
6 3783.028925 3268.643674
7 5084.619254 1544.557412
8 620.768419 991.570981
9 2165.381690 56.995566
10 353.184557 872.393093
11 1023.514841 2312.953578
12 4263.198213 1719.276992
13 1625.261124 157.312872
14 3402.703142 3423.793092
15 4385.833694 538.797530
16 5115.440626 2538.537202
17 2962.436968 1870.922397
18 4312.064088 2280.887779
19 3375.328520 2027.336607
20 2260.948069 1304.120492

0 2798.921924 2283.049972
1 2646.661968 2135.006765
2 1171.107579 1214.461000
3 762.353116 2025.076289
4 2423.029695 2965.127954
5 2188.041786 538.552087
6 1749.040959 2684.183947
7 3910.567871 2045.682319
8 2924.160780 1294.923674
9 2461.669719 2152.684190
10 1125.512514 1956.516762
11 2585.334207 2438.399288
12 1717.373369 107.205406
13 1631.115833 3027.642749
14 3243.483149 2471.134228
15 3139.222354 526.918260
16 1502.502017 2824.096966
17 2355.493144 2730.177663
18 3893.344009 2464.019582
19 1852.614287 2570.466169
20 4413.211391 577.936826

0 3084.426778 3439.977408
1 4362.896987 786.350952
2 1203.768160 296.492273
3 674.556212 568.393012
4 3326.741278 3299.633582
5 2602.275604 2214.528049
6 837.462909 2555.156511
7 2340.175097 2455.618903
8 3632.158302 1257.018761
9 4144.263762 2702.977044
10 2468.501783 3018.414292
11 180.134032 3220.780228
12 1009.073949 1940.640373
13 1551.757357 2197.579769
14 164.388301 2992.365191
15 2451.370762 1357.612331
16 597.451026 3759.853201
17 3525.854877 3828.335912
18 2231.419249 2444.063420
19 146.392752 3136.010521
20 3047.202228 116.534734

0 893.353960 601.303714
1 438.540162 1973.944200
2 1153.559703 2512.568701
3 1629.007269 3043.726566
4 3020.230943 2247.843897
5 812.584315 2825.362782
6 4317.905198 3479.613682
7 4311.012198 898.257253
8 3047.315303 878.837683
9 2280.007575 1149.974870
10 517.104992 1051.648374
11 4805.419670 445.695792
12 5075.658931 1971.155625
13 1719.874374 1147.428205
14 300.456153 2048.313846
15 4963.542867 2495.887642
16 2610.477463 2392.536012
17 2188.786739 3540.277937
18 4625.342264 2399.688608
19 4407.164620 1498.568016
20 414.251973 161.448802

0 2549.960634 922.671277
1 1732.704807 28.002105
2 1103.755435 3566.321655
3 1604.070167 3354.967510
4 2752.810843 2551.734100
5 3073.784716 667.158121
6 4924.141770 2439.508828
7 3298.826885 1917.660014
8 2885.755390 981.603096
9 2232.546497 797.488207
10 1459.341130 1713.071159
11 3557.677901 1393.557527
12 4150.284031 3140.135624
13 1655.619019 3755.246872
14 3287.531564 1633.435954
15 4059.286671 4.346020
16 2550.389964 2617.920307
17 5119.432297 3129.827426
18 4100.042638 2679.917054
19 3432.533212 2220.477810
20 2300.514589 2033.716165

0 2963.310175 3035.251444
1 4334.518548 2463.010311
2 1373.716114 646.120721
3 815.601960 1244.387997
4 4150.788291 3799.303551
5 2456.648883 1370.066155
6 1013.648489 3046.755852
7 4474.387004 2752.399552
8 3804.412105 1577.233340
9 4927.521642 626.614132
10 2465.140893 347.571942
11 367.258399 2323.878808
12 2524.650564 724.357737
13 1419.176816 3448.527807
14 540.894374 2971.396255
15 1891.623890 1055.432729
16 2133.178559 3377.889961
17 2417.497515 1731.715081
18 2129.547823 1888.298658
19 570.025398 3291.405692
20 1547.988641 220.747209

0 1015.009859 2875.920818
1 4387.878496 2722.907590
2 1114.534323 1779.303579
3 620.829083 418.264415
4 878.709707 2367.507544
5 515.819683 1830.668756
6 556.141004 3382.388802
7 3937.473019 1143.499355
8 1838.864921 877.348551
9 3644.811494 1980.113463
10 1407.905522 2129.734842
11 2342.262295 3306.186994
12 1550.785082 189.238344
13 1565.632988 969.466301
14 4296.280083 3036.239553
15 3629.379374 2491.660669
16 3682.544390 3457.689775
17 5088.800162 1108.964789
18 2353.511789 2232.797646
19 686.362388 2651.134403
20 4517.868510 1084.039796

0 691.913068 437.928191
1 2878.545593 2074.555038
2 841.847042 3583.463677
3 1399.041566 2744.114485
4 3209.965286 2328.518995
5 4070.434036 753.201984
6 4381.114065 1972.802658
7 3622.999097 908.983238
8 1817.382197 935.254889
9 969.269910 2925.264381
10 322.217979 1681.784022
11 759.664498 353.063601
12 4886.730277 2320.611465
13 1953.096890 833.399163
14 3279.858168 902.736837
15 4880.305943 1170.221004
16 2027.100953 2476.659271
17 843.393992 909.986858
18 2945.697396 3219.252293
19 3333.615765 1117.219840
20 3753.805858 3824.483503

0 791.031620 3687.729882
1 4090.655324 2469.922200
2 1548.014983 182.609445
3 703.364712 328.073003
4 4325.777924 3622.942121
5 1503.207792 3252.477906
6 2125.047359 3526.212927
7 2802.951748 3349.396791
8 1637.158062 1661.050985
9 4679.626237 875.208195
10 2686.523610 1175.385411
11 1156.161446 1702.635061
12 2321.192975 3631.557358
13 1266.581558 3289.205699
14 2189.536642 3052.168964
15 2523.521595 914.779990
16 1317.523696 252.637356
17 901.714401 1616.998208
18 4318.564467 1257.435098
19 1681.873473 3810.989161
20 2137.283935 2155.116817

0 3167.767535 2800.954034
1 1009.204582 3384.355379
2 1325.850605 1683.347782
3 157.272087 3230.993066
4 681.524324 2568.776589
5 1301.817830 475.139387
6 998.479932 3624.061481
7 4201.426103 2353.332769
8 2982.355495 616.869991
9 521.292685 1452.832614
10 2260.216896 2634.119126
11 3746.118708 928.723998
12 3343.549404 3109.122692
13 1449.941426 3409.230245
14 2131.991757 3459.374529
15 2245.967996 3547.275040
16 3651.304908 100.687780
17 319.104165 2379.395555
18 4121.713056 1935.265929
19 1826.011691 3388.932335
20 4878.950492 1877.700865

0 865.131202 84.488880
1 3277.432417 1655.803361
2 873.082914 2215.572070
3 2232.013015 463.396944
4 2808.873944 3465.849394
5 4068.828149 2420.856456
6 4832.998842 1632.380841
7 3600.599092 359.900833
8 847.420716 1957.164926
9 5144.003509 144.515769
10 379.707044 2985.372828
11 2919.808384 1228.541955
12 1095.553316 3670.488535
13 1946.241415 2817.671200
14 3626.697000 1870.845922
15 4053.405934 948.503561
16 2946.088382 3538.785059
17 1434.627083 2479.993651
18 1913.122354 3695.340579
19 3024.754792 526.467998
20 1697.898156 2828.815394

0 2624.623399 1758.792074
1 3760.948452 2460.448635
2 1412.498156 3626.967319
3 362.453474 559.291492
4 1862.418293 2080.045625
5 4272.314709 286.599983
6 1624.428846 3612.654949
7 3056.027270 3088.068242
8 1766.606736 683.623691
9 3515.784655 2611.921575
10 1560.635939 534.925565
11 2334.208118 2585.120183
12 708.853358 2865.353142
13 1370.055093 565.441090
14 1853.685445 3661.606914
15 4043.614510 617.934194
16 3155.491563 2139.261993
17 257.681860 1790.691726
18 3577.284861 1459.632686
19 1003.873732 3763.685176
20 5019.608701 2868.161867

0 4591.882717 1953.683978
1 207.617386 3739.381430
2 887.517363 2061.531305
3 185.622942 3499.142699
4 2547.573814 2487.901590
5 1784.107157 1593.287805
6 624.393831 3866.914792
7 4288.871380 3028.051887
8 716.904173 660.073996
9 408.133875 3161.404068
10 2140.806033 2663.618889
11 2021.781079 2175.965786
12 4098.973144 2331.731621
13 1381.292517 2562.684365
14 3462.891200 1528.219993
15 3011.761219 1374.739788
16 1823.643485 3427.338933
17 851.745796 366.648961
18 3729.777555 1299.988950
19 2705.972588 3777.439421
20 2744.478652 2288.859263

0 639.438756 1974.976104
1 4696.866391 2359.040959
2 1314.850168 753.179776
3 951.215513 1306.646597
4 1364.066857 3753.452652
5 423.734165 680.256475
6 2623.685191 2885.076095
7 3588.737966 1688.855845
8 5143.021092 1524.646271
9 3136.543141 448.949530
10 1909.450779 2094.310465
11 4406.353816 2161.108034
12 5352.386106 475.290484
13 1608.174909 3873.555045
14 927.911548 3620.662598
15 3070.260863 1670.994026
16 3910.178348 1606.683187
17 2428.333401 2447.763426
18 3400.893650 2664.571571
19 643.083880 2448.715120
20 135.900391 3007.058749

0 592.008235 2631.091523
1 4081.936279 1946.914680
2 1326.797907 3858.537257
3 1500.133933 882.267073
4 4012.524495 3886.772698
5 1079.758090 406.820823
6 3744.312679 2305.895687
7 3472.304703 920.727692
8 1052.658652 1726.936280
9 4127.887170 423.839705
10 1504.357393 2168.809086
11 5143.858846 2611.669856
12 4328.309726 2177.670293
13 1765.739044 3461.263714
14 3429.967634 3524.266888
15 3246.771013 1832.553707
16 3259.602973 2709.060112
17 3819.407374 160.472960
18 3630.533290 3358.193489
19 650.101920 1625.706078
20 2586.332076 769.745080

0 3373.807114 240.488533
1 2253.746308 3819.931571
2 1029.841061 344.532538
3 885.591269 3785.227878
4 3419.124600 2159.544664
5 2235.518322 590.619099
6 1804.698239 3224.105278
7 4388.006352 2200.373724
8 5182.603720 778.156516
9 306.575317 1630.229977
10 1462.211771 1984.173119
11 1166.231440 1247.237955
12 5026.586348 1297.335194
13 1577.022665 3895.999215
14 281.302162 1874.370284
15 3328.923080 3850.847834
16 2820.929389 3305.931697
17 1041.911300 1834.291390
18 4348.508114 1962.350180
19 3759.768995 2835.560299
20 2418.445807 2584.505986

0 3954.766267 1617.997614
1 4229.718991 418.989432
2 3484.741010 730.407827
3 669.555322 2729.557577
4 326.028876 1195.908985
5 2804.062974 727.021401
6 291.454128 3644.321366
7 2354.107807 480.536935
8 4848.767432 3473.574485
9 4393.171467 1125.896416
10 3064.021054 3118.522107
11 3655.150662 3512.495063
12 1614.534211 1480.657902
13 1492.971719 1295.893267
14 4090.554269 1850.072090
15 4500.388455 628.030629
16 4117.472549 1308.794228
17 562.571887 1582.371078
18 2310.844549 2481.051223
19 2578.774695 2686.079308
20 243.773665 3175.379017

0 1333.271303 130.023589
1 4390.041834 1919.516532
2 4012.454641 1416.572017
3 785.806003 754.871456
4 2775.835226 309.015944
5 3129.535266 433.632339
6 1703.219102 2977.727269
7 824.321749 1596.696301
8 2702.757254 831.115075
9 3960.293652 1567.300081
10 381.933313 2915.501089
11 904.926056 2117.458408
12 901.322065 1545.750113
13 1664.765105 3107.559616
14 1666.901231 3316.599889
15 507.825498 523.612178
16 2951.986433 1481.266714
17 2549.940433 1152.853830
18 3623.327599 2181.872697
19 3407.413215 2012.675878
20 1433.904178 1346.575604

0 3406.573575 2346.374683
1 4421.952248 3403.485004
2 637.946941 775.451746
3 946.487758 3694.289489
4 1508.486124 490.879515
5 4919.219513 803.402975
6 3592.121014 2810.140910
7 4899.919648 1315.647222
8 4321.972349 576.626001
9 3074.644707 321.926151
10 3354.185972 920.693649
11 1865.662194 2218.377433
12 574.497648 279.640202
13 1632.688024 2908.720363
14 3918.710316 3716.244837
15 2899.456118 2512.948963
16 4257.440770 781.533840
17 1677.084316 2293.851734
18 4176.461790 2321.438612
19 5083.201284 2579.936701
20 667.270292 2860.308049

0 4865.683742 1898.593014
1 3444.518662 1398.727500
2 4381.721358 3686.673756
3 233.874425 2465.480097
4 1604.395477 3853.577509
5 4364.792168 264.008881
6 910.828836 2384.309640
7 3575.698306 250.581825
8 3928.845160 1927.658757
9 3126.167897 3446.924526
10 5084.267957 2074.973758
11 2936.215438 3308.036184
12 1777.916893 3828.776630
13 1545.045364 3789.468181
14 2161.991933 417.318978
15 668.636008 1991.535520
16 2367.764249 1996.653410
17 497.601104 3575.543333
18 4143.807707 557.441199
19 4383.363484 2395.053533
20 3775.056206 109.425737

0 1968.640563 2774.062767
1 3946.403165 709.391411
2 2125.466033 1925.050555
3 1006.445785 212.886290
4 1049.452076 3241.288448
5 920.109794 581.747038
6 378.601321 3019.771359
7 3075.319364 496.570334
8 4266.066590 2635.251853
9 3245.435637 2890.574012
10 2436.956504 580.150004
11 4477.111439 2498.140176
12 1384.791509 1059.233622
13 1607.187258 3346.851235
14 1546.411510 1426.172433
15 1188.149180 1104.965373
16 2353.873876 2056.498717
17 4053.339993 2377.965484
18 3297.194196 1418.592214
19 1670.941069 2417.941353
20 980.748943 426.474919

0 660.221908 3336.142656
1 4938.894006 1823.766620
2 626.890315 773.903155
3 1354.195218 846.965835
4 1386.000282 2799.544155
5 4591.862108 808.904981
6 2054.311345 3629.761504
7 2986.687499 1893.367917
8 4242.298607 1990.118372
9 3202.225361 160.263786
10 1370.795078 140.756969
11 3219.524068 2127.710594
12 2528.120593 1230.494285
13 1615.985340 3712.609218
14 1297.092403 3337.262620
15 3304.806509 1296.929287
16 3770.683091 1188.501893
17 2634.309431 2641.785135
18 2772.736452 3363.244945
19 4755.081677 2457.947186
20 1898.755998 3102.176541

0 1579.406338 1927.012317
1 4559.411133 3136.201720
2 2931.593487 1768.035668
3 609.273370 3745.178877
4 643.020534 1049.959497
5 470.022344 483.013280
6 3126.247966 3225.286196
7 3616.316019 1917.159812
8 4289.333778 678.717471
9 2903.442153 465.702338
10 2180.509757 1189.421689
11 3812.412020 2940.012494
12 1587.055019 841.988708
13 1592.929619 3399.983247
14 2837.751731 2726.737759
15 2951.607133 1041.403388
16 4004.755856 550.209832
17 276.014977 3255.348768
18 3922.219873 2624.123159
19 563.492741 2407.014703
20 1046.503870 3331.703078

