3.003070
3.005158
3.005158
3.006169
3.006169
3.006169
3.006169
3.006169
3.006169
3.006169
3.006822
3.006822
3.006822
3.006822
3.006822
3.006822
3.032733
3.033096
3.033421
3.033806
3.034250
3.035369
3.039164
3.039501
3.039819
3.040337
3.040676
3.042079
3.043595
3.043595
3.053718
3.057160
3.057160
3.060160
3.060702
3.060702
3.060914
3.061340
3.061942
3.062540
3.063560
3.064589
3.065048
3.066200
3.067100
3.067862
3.069196
3.069843
3.070193
3.081102
3.087994
3.088307
3.088534
3.089056
3.095189
3.095201
3.098186
3.099722
3.100467
3.121746
3.121926
3.122129
3.122349
3.130349
3.130653
3.130884
3.132769
3.132769
3.133233
3.143024
3.143696
3.145039
3.145850
3.147115
3.161392
3.163565
3.163565
3.163565
3.164672
3.167738
3.168515
3.169228
3.169943
3.170516
3.171308
3.172730
3.173129
3.174732
3.175856
3.176818
3.177709
3.178211
3.178640
3.179120
3.179962
3.180937
3.182037
3.182913
3.183629
3.184349
3.184772
3.185131
3.185529
3.186580
3.187922
3.189862
3.190506
3.190506
3.190506
3.190506
3.190576
3.190576
3.190769
3.190769
3.191878
3.191961
3.192103
3.192262
3.192262
3.192262
3.192329
3.192329
3.192397
3.192399
3.192497
3.193267
3.193586
3.193883
3.194136
3.194348
3.194853
3.195084
3.195371
3.196065
3.196196
3.196404
3.196647
3.196798
3.197037
3.197171
3.197270
3.197446
3.197574
3.199387
3.200216
3.200386
3.200563
3.200916
3.201201
3.202070
3.202699
3.203415
3.204485
3.205977
3.207174
3.207603
3.208048
3.208522
3.208875
3.209246
3.209597
3.209938
3.210325
3.210636
3.211209
3.211892
3.212160
3.212420
3.212728
3.213119
3.213933
3.214422
3.215014
3.215594
3.215949
3.216247
3.216595
3.217061
