81.262303
81.267254
81.270613
81.275735
81.280259
81.283531
81.286958
81.291156
81.293472
81.296355
81.685362
81.993077
81.993077
81.993077
81.995281
81.995281
81.997211
81.997211
81.997211
81.997211
81.997211
82.069335
82.085247
82.199407
82.226092
82.255683
82.320036
82.360653
82.472886
82.475721
82.475721
82.483380
82.483380
82.486626
82.486626
82.490615
82.534229
82.541747
82.541747
82.541747
82.564652
82.584236
82.589913
82.590640
82.591156
82.593643
82.595767
82.597573
82.599785
82.599785
82.600219
82.600219
82.600219
82.600325
82.682328
82.850579
82.850579
82.850579
82.850579
82.850579
82.877422
82.878186
82.878186
82.896033
82.905893
82.905893
82.905893
82.906391
82.906516
82.914019
82.925080
82.925080
82.927733
82.927943
82.929266
82.930353
82.933570
82.934681
82.935611
82.936396
82.944412
82.944430
82.944430
82.977862
83.125347
83.130316
83.173952
83.273333
83.281678
83.281678
83.283664
83.284923
83.284923
83.284923
83.284923
83.284923
83.284923
83.284923
83.317412
83.321910
83.322506
83.350770
83.355414
83.366180
83.368953
83.384791
83.390443
83.397998
83.407205
83.415188
83.424419
83.433115
83.437277
83.444573
83.455880
83.461707
83.469283
83.484585
83.508036
83.535560
83.561612
83.583408
83.596248
83.598459
83.603739
83.610936
83.616235
83.624250
83.633810
83.644363
83.658300
83.670816
83.674193
83.685102
83.690524
83.695577
83.709238
83.717305
83.723523
83.728241
83.733586
83.738034
83.743692
83.748998
83.763325
83.772517
83.783905
83.794485
83.800711
83.805721
83.812558
83.819160
83.831304
83.840374
83.853438
83.860028
83.867708
83.873436
83.878847
83.883678
83.888538
83.892543
83.902004
83.916718
83.926241
83.930129
83.935585
83.940370
83.949560
83.952490
83.955341
83.958257
83.963187
83.969413
83.972787
83.976309
83.984621
83.990952
83.998214
84.001792
84.008126
84.012487
84.014789
84.016201
84.018531
84.024416
84.027466
84.030847
84.033651
84.040940
84.046107
84.053097
84.055887
84.059076
84.070854
84.076784
84.084250
84.089594
84.097314
84.100560
84.104750
84.112111
84.117580
84.122226
84.128831
84.132786
84.135298
84.139558
84.144813
84.151054
84.158499
84.163920
84.169735
84.175276
84.186372
84.188319
84.193981
84.202087
84.212130
84.216244
84.219317
84.228330
84.231352
84.236007
84.239389
84.241726
84.243981
84.246104
84.248397
84.250720
84.258994
84.262080
84.263981
84.266380
84.268670
84.271414
84.276330
84.279364
84.280997
84.283053
84.286189
84.290184
84.291773
84.294617
84.295356
84.297113
84.299367
84.300513
84.302205
84.304220
84.305959
84.307552
84.309260
84.311416
84.312922
84.313958
84.315442
84.318704
84.320572
84.323240
84.325480
84.329747
84.332165
84.335500
84.337704
84.340029
84.343509
84.346258
84.350205
84.352721
84.356551
84.361083
84.363683
84.366506
84.368561
84.370155
84.372373
84.374607
84.376542
84.378157
84.383697
84.387857
84.389974
84.392090
84.394055
84.395710
84.397911
84.399454
84.403334
84.405724
84.407742
84.408565
84.411115
84.412675
84.415255
84.418176
84.420840
84.423350
84.425442
84.427368
84.430261
84.437940
84.437940
84.475255
84.475859
84.476023
84.476023
84.476023
84.476023
84.476023
84.478062
84.479231
84.479972
84.480602
84.480728
84.480728
84.480750
84.480750
84.480750
84.480750
84.480750
84.480785
84.481026
84.481026
84.481026
84.481026
84.496177
84.496201
84.496201
84.496201
84.496201
84.513603
84.513603
84.554205
84.554205
84.554205
84.554205
84.554205
84.555544
84.555544
84.555921
84.555921
84.556255
84.556434
84.556434
84.556434
84.556716
84.556716
84.556716
84.557919
84.557919
84.559173
84.559173
84.559173
84.559733
84.560437
84.560536
84.560885
84.561180
84.561337
84.561363
84.562750
84.564597
84.565491
84.565977
84.565988
84.566010
84.566102
84.566102
84.566102
84.566102
84.566282
84.566282
84.566282
84.566311
84.566333
84.566333
84.566333
84.566333
84.566333
84.566333
84.566333
84.566333
84.566333
84.566333
84.566333
84.566338
84.566750
84.568811
84.569859
84.570224
84.570271
84.570271
84.570271
84.570271
84.570415
84.570692
84.570859
84.570980
84.572424
84.572483
84.572506
84.572528
84.572528
84.572556
84.572576
84.572576
84.572613
84.572613
84.572613
84.572613
84.572613
84.572613
84.572613
84.572613
84.572613
84.572613
84.572613
84.572618
84.572672
84.572672
84.572672
84.572672
84.572672
84.572672
84.572672
84.572672
84.572672
84.572672
84.572672
84.574384
84.574384
84.574384
84.574437
84.575750
84.580262
84.581160
84.582110
84.583079
84.584293
84.584973
84.585527
84.589935
84.592339
84.592937
84.593287
84.593939
84.594035
84.594805
84.594960
84.595575
84.595700
84.595727
84.595727
84.595932
84.595932
84.595932
84.595932
84.595932
84.595932
84.595932
84.595932
84.596621
84.596621
84.596621
84.596621
84.596621
84.596621
84.596932
84.597169
84.597296
84.597296
84.597544
84.597574
84.597899
84.597899
84.597915
84.597915
84.597939
84.597939
84.597939
84.598116
84.598116
84.598235
84.598235
84.598235
84.598307
84.598307
84.598315
84.598315
84.598372
84.598621
84.598621
84.598621
84.598621
84.598689
84.598689
84.598689
84.598689
84.598689
84.598689
84.598689
84.598689
84.598689
84.598689
84.598821
84.598871
84.598871
84.598914
84.598914
84.598914
84.598914
84.598914
84.598914
84.598914
84.598914
84.598914
84.598914
84.598995
84.598995
84.599006
84.599006
84.599006
84.599006
84.599006
84.599092
84.599092
84.599092
84.599092
84.599092
84.599092
84.599092
84.599092
84.599105
84.599105
84.599105
84.599105
84.599133
84.599164
84.599182
84.599182
84.599182
84.599209
84.599209
84.599209
84.599209
84.599489
84.599862
84.599921
84.599921
84.599921
84.599934
84.599934
84.599934
84.599934
84.599934
84.599934
84.599934
84.599934
84.599934
84.599934
84.599934
84.599934
84.599938
84.600227
84.600417
84.600461
84.600744
84.600744
84.600744
84.600810
84.600831
84.600841
84.600841
84.600843
84.600853
84.600855
84.600893
84.600893
84.600893
84.601101
84.601101
84.601101
84.601105
84.601105
84.601113
84.601113
84.601113
84.601113
84.601113
84.601113
84.601113
84.601113
84.601113
84.601113
84.601113
84.601141
84.601141
84.601141
84.601141
84.601151
84.601151
84.601167
84.601167
84.601167
84.601167
84.601167
84.601167
84.601167
84.601167
84.601167
84.601178
84.601178
84.602640
84.602669
84.602756
84.602756
84.602756
84.602756
84.605150
84.606740
84.607083
84.626500
84.645560
84.649176
84.650566
84.652511
84.653934
84.654137
84.654623
84.655012
84.655168
84.657581
84.663227
84.663227
84.664047
84.669041
84.669594
84.671340
84.672162
84.674786
84.677254
84.678600
84.679583
84.679583
84.679906
84.681877
84.683782
84.685626
84.686965
84.688846
84.690288
84.691520
84.692334
84.693719
84.694991
84.697590
84.699793
84.700501
84.701439
84.702601
84.703247
84.703479
84.704060
84.704506
84.705320
84.705887
84.706451
84.707646
84.709022
84.710502
84.711472
84.712421
84.713280
84.713896
84.714557
84.715004
84.715374
84.715744
84.718589
84.720303
84.722985
84.723019
84.723977
84.725138
84.725951
84.726644
84.727376
84.727630
84.727752
84.727765
84.727866
84.728125
84.728125
84.728254
84.728666
84.730107
84.730552
84.730925
84.731218
84.732358
84.732923
84.733472
84.733692
84.733813
84.734478
84.734769
84.735135
84.735276
84.735897
84.735999
84.736030
84.736030
84.736672
84.736672
84.736672
84.736672
84.736741
84.736761
84.736788
84.737059
84.737427
84.737547
84.737704
84.737886
84.737933
84.737973
84.738380
84.738380
84.738380
84.738678
84.739259
84.739519
84.739552
84.739717
84.739717
84.779101
84.781230
84.781230
84.781459
84.784565
84.785744
84.786665
84.790320
84.792224
84.793763
84.793947
84.794899
84.796525
84.797130
84.797288
84.798256
84.798860
84.800066
84.800512
84.800748
84.801518
84.802036
84.802257
84.802373
84.802373
84.803064
84.803203
84.803557
84.805666
84.809276
84.809968
84.810451
84.812121
84.814029
84.815611
84.817960
84.819617
84.821757
84.822960
84.824456
84.825666
84.827160
84.828217
84.830275
84.831296
84.832599
84.833371
84.834322
84.835304
84.836044
84.836982
84.837589
84.838218
84.839206
84.840929
84.842806
84.843883
84.845956
84.847739
84.849918
84.850823
84.851603
84.852564
84.853202
84.853891
84.854567
84.854814
84.855384
84.856709
84.857531
84.857817
84.858157
84.858614
84.858864
84.858900
84.859368
84.859943
84.860951
84.861606
84.862020
84.862684
84.863104
84.863481
84.879108
84.879108
84.883753
85.028040
85.028040
85.061549
85.096953
85.096953
85.096953
85.131697
85.139825
85.140298
85.140588
85.143237
85.147626
85.150402
85.151758
85.152846
85.154341
85.155822
85.158235
85.160997
85.162635
85.171528
85.175412
85.176883
85.179126
85.180537
85.182336
85.184240
85.186344
85.188273
85.189501
85.193404
85.197832
85.201207
85.204240
85.206343
85.208580
85.209876
85.211197
85.212175
85.213547
85.215518
85.216559
85.217556
85.219301
85.222800
85.224235
85.225600
85.226577
85.228315
85.229341
85.230630
85.231839
85.233115
85.234303
85.235687
85.236617
85.237560
85.238601
85.240049
85.241042
85.241890
85.244504
85.248990
85.251914
85.252412
85.252860
85.254018
85.254758
85.255374
85.255543
85.255603
85.255773
85.257002
85.257933
85.258519
85.259294
85.259955
85.260390
85.261281
85.263302
85.265038
85.265791
85.269133
85.270526
85.272846
85.275983
85.278125
85.280032
85.281535
85.281869
85.284698
85.286176
85.287040
85.287649
85.288676
85.289826
85.296822
85.297777
85.298916
85.301708
85.303794
85.303834
85.303834
85.303863
85.307265
85.312783
85.314654
85.316379
85.317583
85.318036
85.318058
85.318510
85.318790
85.319143
85.319488
85.319627
85.319705
85.331603
85.333960
85.333960
85.334758
85.334801
85.336567
85.337144
85.337582
85.338356
85.338579
85.342294
85.344395
85.347669
85.347669
85.348220
85.348812
85.350075
85.353425
85.353425
85.353973
85.355159
85.355498
85.355520
85.356011
85.356729
85.357045
85.359862
85.359909
85.359909
85.360388
85.361320
85.361671
85.361930
85.362798
85.363874
85.365065
85.366353
85.367047
85.367679
85.368064
85.368503
85.368761
85.368974
85.369139
85.369139
85.369139
85.371619
85.371619
85.373341
85.374035
85.374880
85.375657
85.376160
85.376824
85.376941
85.377350
85.377974
85.378401
85.378987
85.379636
85.382660
85.384474
85.386596
85.389050
85.390570
85.391425
85.392503
85.395238
85.396632
85.397828
85.399036
85.400227
85.401444
85.402290
85.403070
85.403986
85.404598
85.404857
85.407276
85.407591
85.408511
85.409224
85.409610
85.410781
85.411479
85.413046
85.414875
85.427534
85.430739
85.432250
85.433997
85.435310
85.436152
85.437005
85.437949
85.438855
85.439637
85.440312
85.441597
85.443255
85.444199
85.444199
85.444636
85.446854
85.448171
85.449155
85.449783
85.450655
85.454595
85.455454
85.456147
85.456780
85.457346
85.457398
85.457665
85.457854
85.458047
85.458821
85.459045
85.459440
85.459989
85.460374
85.460374
85.460374
85.460445
85.460445
85.460628
85.460856
85.460927
85.461399
85.461526
85.461648
85.462119
85.462208
85.462234
