79.120118
79.120118
79.367602
79.958056
79.958056
80.258297
80.306815
80.684728
80.684728
80.684728
80.684728
80.684728
81.023544
81.023544
81.023544
81.023544
81.023544
81.023544
81.023544
81.023544
81.031150
81.031150
81.031150
81.031150
81.031150
81.031150
81.031150
81.031150
81.106668
81.106668
81.106668
81.106668
81.106668
81.106668
81.106668
81.106668
81.106668
81.106668
81.106668
81.106668
81.106668
81.106668
81.106668
81.106668
81.106668
81.106668
81.106668
81.106668
81.106668
81.106668
81.106668
81.106668
81.106668
81.106668
81.106668
81.106668
81.106668
81.106668
81.106668
81.106668
81.106668
81.106668
81.106668
81.106668
81.106668
81.106668
81.106668
81.224546
81.437007
81.437007
81.437007
81.437007
81.437007
81.437007
81.437007
81.437007
81.437007
81.437007
81.437007
81.437007
81.437007
81.437007
81.437007
81.437007
81.437007
81.437007
81.437007
81.437007
81.437007
81.437007
81.437007
81.437007
81.437007
81.437007
81.437007
81.437007
81.437007
81.437007
81.437007
81.437007
81.437007
81.437007
81.437007
81.437007
81.437007
81.437007
81.437007
81.437007
81.437007
81.437007
81.437007
81.437007
81.437007
81.437007
81.437007
81.437007
81.437007
81.437007
81.437007
81.437007
81.437007
81.437007
81.437007
81.437007
81.437007
81.437007
81.437007
81.437007
81.437007
81.437007
81.437007
81.437007
81.437007
81.461138
81.461138
81.461138
81.461138
81.461138
81.461138
81.461138
81.461138
81.461138
81.461138
81.461138
81.461138
81.461138
81.461138
81.461138
81.461138
81.461138
81.461138
81.461138
81.461138
81.461138
81.461138
81.461138
81.461138
81.461138
81.461138
81.461138
81.461138
81.461138
81.480579
81.480579
81.480579
81.480579
81.480579
81.480579
81.480579
81.480579
81.480579
81.480579
81.480579
81.481884
81.481884
81.481884
81.481884
81.481884
81.481884
81.482148
81.482148
81.482148
81.482148
81.482148
81.482148
81.482148
81.482148
81.482148
81.482148
81.482148
81.482148
81.482148
81.482170
81.482170
81.482170
81.482170
81.482170
81.482170
81.482170
81.482170
81.482170
81.482170
81.482170
81.482170
81.482170
81.482170
81.482170
81.482170
81.482170
81.482170
81.482170
81.491017
81.495495
81.495495
81.495495
81.495495
81.498289
81.498289
81.508949
81.512031
81.512031
81.512031
81.512031
81.512031
81.512031
81.512031
81.512031
81.512320
81.512320
81.512320
81.512320
81.512320
81.512320
81.512320
81.512320
81.512320
81.512416
81.512514
81.512514
81.512514
81.512632
81.512691
81.512691
81.512691
81.512691
81.512691
81.512691
81.512691
81.512704
81.512704
81.512705
81.512705
81.512705
81.512705
81.512705
81.512708
81.512708
81.512708
81.512708
81.512708
81.512708
81.512708
81.512708
81.512708
81.512709
81.512709
81.512709
81.512709
81.512709
81.512709
81.512709
81.512709
81.512709
81.512709
81.512709
81.512709
81.512709
81.512709
81.512709
81.512709
81.512709
81.512709
81.512709
81.512709
81.512709
81.512709
81.512709
81.512709
81.512709
81.512709
81.512709
81.512709
81.512709
81.512709
81.512709
81.512709
81.512709
81.512709
81.512709
81.512709
81.512709
81.512709
81.512709
81.512709
81.512709
81.512709
81.512709
81.512709
81.512709
81.512709
81.512709
81.512709
81.512709
81.512709
81.512709
81.512709
81.512709
81.512709
81.512709
81.512709
81.512709
81.512709
81.512709
81.512709
81.512709
81.512709
81.512709
81.512709
81.512709
81.512709
81.512709
81.512709
81.512709
81.512709
81.512709
81.512709
81.512709
81.512709
81.512709
81.512709
81.512709
81.512709
81.512709
81.512709
81.512709
81.512709
81.512709
81.512709
81.512709
81.512709
81.512709
81.512709
81.512709
81.512709
81.512709
81.512709
