0 555.534790 162.231849
1 724.351262 418.200283
2 464.898013 296.939677
3 709.356855 236.304929
4 468.770145 438.613508
5 542.679545 407.362599
6 1587.211979 1971.344755
7 428.549114 103.858146
8 646.987061 465.434666
9 550.921679 266.627601
10 4779.050097 3333.335622
11 1585.749986 3389.240569
12 572.474316 18.073496
13 4391.088387 2662.993067
14 396.260759 1610.950712
15 3380.403847 2321.048455
16 1545.740156 1118.420189
17 2984.146717 3096.908769
18 641.945626 345.856352
19 894.077765 651.205815
20 796.626503 2307.817184
21 4630.262423 1235.820841
22 3621.968676 876.687871
23 909.452852 130.171723
24 4252.185078 2064.893101
25 1084.401085 2271.038692
26 1748.273059 1217.417168
27 4582.117214 595.458986
28 5292.934116 74.051728
29 3847.690753 3634.559546
30 1584.064047 3090.291550
31 2309.601073 2495.045246
32 1911.869054 319.487803
33 384.502567 268.803068
34 3358.478861 127.956854
35 466.657075 3044.131554
36 5116.269363 159.985171
37 3289.237698 3144.618695
38 681.356332 60.026302
39 1927.591610 2196.082164
40 4536.541479 3199.501489
41 4139.644620 30.967135
42 5395.821563 470.294249
43 834.201170 1835.936320
44 1847.889864 3548.052286
45 3706.565794 764.448345
46 1241.914041 2795.622756
47 2625.828037 2544.483623
48 2745.298784 2839.591742
49 3592.926032 658.830749
50 490.894711 44.601634
51 3768.026712 3664.787257
52 4545.151667 3692.751044
53 711.397237 144.079220
54 2342.021925 1700.633820
55 1071.535417 3828.853128
56 718.014849 2868.975084
57 613.686125 1952.244769
58 452.017983 184.408776
59 1164.458336 366.928865
60 1503.149454 1626.223175
61 342.131799 1507.119135
62 1374.540501 50.463185
63 1766.538264 2336.976228
64 3733.869341 2802.193872
65 3786.646494 1558.263610
66 4408.517963 1497.777552
67 99.675918 3485.877473
68 2437.791170 750.990306
69 5226.620576 196.250970
70 753.771735 1487.484674
71 4058.302402 749.473221
72 244.384729 2319.268732
73 2990.864147 1251.343832
74 1231.551272 1411.013386
75 3498.398665 3027.836649
76 502.222961 3309.729970
77 424.365662 2155.935957
78 3979.438732 712.013418
79 624.721224 2166.652612

0 595.562828 199.943431
1 432.852492 431.917577
2 472.941735 245.812036
3 3010.755391 2997.418697
4 518.543947 400.480717
5 1793.477257 2069.135730
6 395.448948 204.733365
7 4897.379509 3798.094926
8 643.912135 266.768521
9 2207.848156 2456.541076
10 644.464810 434.209197
11 2367.084436 3551.682941
12 2806.294362 1036.312713
13 400.392586 346.075592
14 435.962806 76.547535
15 1596.549984 3837.118791
16 3075.227456 85.059012
17 587.416632 108.841377
18 333.198068 2215.641310
19 4813.763355 2204.430164
20 5042.451239 1394.248565
21 4858.515192 2721.323906
22 2552.759589 3257.859080
23 2646.581166 1361.337425
24 657.676199 1168.294916
25 504.812157 129.133804
26 3567.143498 618.380161
27 448.583351 1544.435896
28 3911.969532 2434.766130
29 535.665335 604.438546
30 3604.590816 2324.379526
31 769.860074 3130.585799
32 3058.590508 2888.940203
33 3816.744736 274.926403
34 1176.666630 1832.479938
35 3930.865929 1565.036509
36 3565.790639 1487.024611
37 146.629796 2803.080697
38 0.448209 3903.904779
39 3093.412901 2089.416366
40 4819.517094 878.445968
41 524.009193 42.494638
42 3131.501275 3645.153908
43 3037.584749 170.219851
44 3581.923388 3572.897349
45 5126.721857 2073.608667
46 4687.731909 2544.938446
47 3269.557381 1078.444146
48 912.414115 1279.442137
49 2448.460910 2955.592090
50 1499.700077 1776.495196
51 3183.550565 2988.620614
52 2329.488279 1459.208470
53 1732.181002 401.047717
54 4729.848487 2289.981090
55 1060.429915 1671.076878
56 5240.184249 513.954330
57 57.362561 3727.865256
58 3013.978655 1455.122464
59 5325.629892 59.024142
60 3389.303697 1241.763116
61 3145.006886 2839.272043
62 2398.603107 3349.417823
63 120.050185 3906.870381
64 3257.771751 2051.760441
65 1598.359175 3625.800031
66 5393.870190 238.616561
67 4963.002854 3363.018905
68 1175.034286 1382.203373
69 890.376847 1531.049985
70 242.135767 2526.250464
71 4232.564732 3407.335484
72 1582.024131 2210.340237
73 3427.216790 1131.148549
74 2639.872202 748.204216
75 3420.249666 1454.956289
76 4912.470471 2470.070290
77 539.703034 297.419592
78 749.366457 2732.746629
79 5166.306401 1413.909348

0 3188.121966 2903.175549
1 1401.507488 3794.350193
2 1158.254594 3841.907065
3 779.562945 3607.761862
4 3522.400496 215.448732
5 2534.711245 3864.100355
6 2381.709704 146.951279
7 3095.500151 854.578946
8 2535.902418 1972.774024
9 4688.150364 1717.331317
10 3673.679133 569.729412
11 5053.808596 1079.003833
12 3616.699388 477.561170
13 1495.809456 2666.357488
14 3746.046345 3103.456301
15 2914.629475 178.095947
16 953.519987 2582.692837
17 2256.517132 3302.625511
18 4801.261931 704.596328
19 4885.542792 1419.302532
20 2875.911918 1671.559553
21 4564.013297 2650.719212
22 4009.032776 3653.823187
23 1553.991780 1354.390995
24 2804.410836 1283.906090
25 416.535501 1334.345032
26 3921.404636 251.905558
27 481.348441 3579.711543
28 3181.618119 189.406575
29 1246.082767 2176.226495
30 1192.146152 2451.724708
31 942.532602 1745.979940
32 3267.559735 2719.028120
33 3391.312112 143.723685
34 3715.091594 427.591801
35 3202.195453 60.054628
36 389.107234 1595.954117
37 3046.088502 2925.511999
38 3762.841962 3646.123389
39 603.350842 3678.426385
40 5064.011550 2817.692280
41 4448.412770 1723.707300
42 1206.489787 2868.037606
43 1171.289471 583.337998
44 3615.429956 1532.458042
45 1267.118282 3762.011613
46 2567.041597 614.119061
47 2866.287621 2396.383455
48 2754.651131 2141.473487
49 5081.197474 1461.588887
50 4948.709444 3553.636554
51 4878.212975 3082.161214
52 4643.451289 722.855668
53 591.334560 3780.760693
54 576.027442 719.961947
55 3600.724719 2849.742108
56 4164.920732 1604.169728
57 3608.054356 1247.611140
58 2078.394798 602.409802
59 4651.841869 3568.567488
60 3147.227642 731.530140
61 4030.942083 674.008148
62 2857.744692 687.178981
63 551.908848 3087.436090
64 445.502189 3460.698218
65 341.322134 3493.420221
66 2661.776074 2886.211323
67 4296.640925 1586.318178
68 4139.232404 1370.833651
69 3268.257930 3457.775468
70 957.373348 3148.494927
71 2162.393037 3277.213124
72 1178.187514 1220.854676
73 3401.895152 735.381277
74 336.466023 2813.039910
75 2673.722635 1219.878395
76 4653.785730 837.335011
77 1661.065097 903.114331
78 4436.925706 1618.375487
79 316.010215 3254.889144

0 1166.593138 1329.122898
1 943.972915 506.258622
2 4140.854973 3506.050555
3 2492.139153 174.945632
4 1790.672948 183.627407
5 4255.757143 2318.110493
6 4739.073929 1056.890770
7 322.874029 3336.471441
8 1790.867197 3419.376469
9 3005.550459 1177.968681
10 4201.217422 2640.592803
11 4412.570800 1248.734652
12 3390.999476 3785.907566
13 3154.295528 909.612027
14 2167.764974 2623.841693
15 5130.181640 2087.036249
16 1840.822247 2128.098724
17 371.001285 1290.593624
18 1292.357858 156.280528
19 1796.825092 1521.316347
20 304.355545 3695.899874
21 1471.281701 1644.853889
22 2344.419557 2419.568311
23 2166.052361 3600.744910
24 235.392234 3284.275899
25 2578.313927 2463.978257
26 3286.727258 2213.312623
27 1452.088449 1438.127465
28 2329.081742 2623.352357
29 886.444275 2311.354834
30 4832.318415 2381.269078
31 2348.806877 169.803659
32 1865.872958 1563.720241
33 1249.782305 794.838002
34 1008.196283 181.503323
35 519.877542 1960.083625
36 391.723413 2411.925899
37 2902.908739 92.904643
38 2993.922238 3676.596795
39 3040.687691 3882.251188
40 3279.813357 1733.707881
41 4889.324467 3383.779798
42 3471.995716 2093.813478
43 393.282633 355.794710
44 1829.730970 2917.751408
45 1980.076216 2434.676200
46 659.578402 1548.958088
47 2709.102495 497.529527
48 575.341373 2260.813439
49 2608.624560 1637.502588
50 799.913237 2070.652749
51 2776.062925 1041.986845
52 4151.479199 1785.107210
53 3654.107966 2999.803526
54 4736.909512 2474.275520
55 5075.202471 3572.489585
56 4023.429797 3831.424562
57 1975.875207 1023.909906
58 5075.408894 2698.041683
59 2119.651793 2452.082382
60 826.479785 1695.566589
61 1588.550994 3815.385386
62 2508.135240 3332.399899
63 1435.165988 337.562056
64 3068.643193 1471.408068
65 2531.028868 1443.428562
66 155.528968 2778.021890
67 28.624149 3759.673877
68 5406.455398 122.313733
69 2492.722637 3885.191856
70 1890.295837 2405.113142
71 2062.422780 1952.643084
72 1135.327972 2294.823017
73 3313.727391 1488.227525
74 2720.818299 726.975610
75 5200.021210 693.043959
76 3181.022349 3204.519431
77 4719.483191 1829.578413
78 4369.834123 2158.813690
79 3692.455331 2384.873838

0 2924.779769 3666.549608
1 4093.090822 586.911096
2 3808.404475 229.788213
3 5219.270759 970.166768
4 4947.708862 3705.947128
5 3750.504180 2925.123109
6 3618.555275 3246.143188
7 1527.051310 2897.097990
8 4341.082599 3068.055377
9 1050.195054 3752.391221
10 3650.215295 3774.979019
11 1698.689514 2924.634107
12 3845.635097 1574.339849
13 935.539995 2918.587600
14 1557.220363 3807.723686
15 4315.364746 2275.264647
16 1889.445723 3668.142271
17 4227.172870 1786.545682
18 4771.547340 833.170493
19 193.909513 3221.517778
20 1750.630268 113.500051
21 86.558606 3127.383094
22 3487.978394 945.507532
23 4298.242479 2569.125566
24 3061.546548 44.865134
25 2193.896016 1827.011390
26 3710.972058 1239.124036
27 2104.148091 1932.135134
28 3768.310764 1842.052314
29 3440.133512 592.341142
30 3990.190787 3658.322350
31 3008.761561 3860.325609
32 5336.870148 1093.543497
33 3241.940113 65.217655
34 3733.310189 2623.669436
35 2993.871674 449.352418
36 3945.545662 1742.692467
37 3674.072479 3073.404811
38 4367.574046 368.221360
39 1186.347529 2761.518268
40 4890.432911 2077.798855
41 4892.173074 210.484883
42 268.294752 2346.406738
43 5176.811058 1420.721946
44 2773.258906 148.379107
45 1470.995708 396.886909
46 4618.057582 1232.094837
47 1111.396120 3805.637953
48 827.539183 69.304832
49 182.182275 2674.611747
50 3339.774893 625.164206
51 3706.860636 540.300502
52 1114.118332 2125.234234
53 2314.524165 3563.042975
54 2805.186196 3359.839363
55 2213.158634 249.049536
56 4331.680320 848.760563
57 2347.438133 3143.428655
58 397.955881 3586.211044
59 2290.955213 3435.787847
60 2597.731034 2974.632881
61 4075.819644 1559.079885
62 2165.674939 1128.245717
63 4556.122346 66.232024
64 2926.018329 2660.299807
65 265.892151 3491.307066
66 4405.995639 1332.550747
67 1819.113818 913.825708
68 1225.137682 1247.671155
69 1436.534801 1427.926901
70 3483.078462 3082.004045
71 4063.217764 171.558391
72 1806.957858 3802.439757
73 722.872590 3731.586400
74 5007.750989 2722.944185
75 4450.396918 3559.165772
76 4227.774919 1457.250645
77 908.272189 3139.562447
78 2326.559162 3275.525890
79 5277.385515 87.430300

0 5065.030880 1616.969486
1 1430.392716 468.832407
2 2773.369871 201.223619
3 2483.438994 821.212985
4 4122.261998 3085.875773
5 3935.437601 3363.027134
6 2680.466752 3609.023318
7 1015.307290 3016.118932
8 4224.820952 1954.486926
9 1719.822263 1718.527661
10 3695.494789 892.176432
11 495.118486 3280.466631
12 2023.862792 425.670267
13 417.197775 2060.151213
14 1085.304335 3704.393975
15 4025.967853 3459.483663
16 1101.621818 2576.639815
17 3067.567836 3462.561269
18 4272.828243 60.537142
19 130.115891 2678.737716
20 505.046736 69.937936
21 1333.591547 1742.170219
22 5199.693218 1450.714179
23 4700.003506 3704.487378
24 3294.523954 344.823288
25 3711.153935 2754.862130
26 3184.375791 2087.293580
27 2556.050787 3017.521069
28 3415.433585 3091.480276
29 4625.671605 290.488425
30 3009.881117 2761.220839
31 601.460001 2958.055284
32 2341.095344 1674.505767
33 3895.420995 457.647025
34 4959.733798 2271.442864
35 3479.365432 229.503603
36 2201.625609 981.653327
37 2110.844240 2337.101972
38 4108.625891 160.990684
39 341.751627 2376.492955
40 4023.666522 2663.891821
41 5040.873586 1981.415233
42 791.294008 3297.700756
43 1748.798059 497.653184
44 4843.030089 652.069409
45 766.684777 302.612545
46 4934.371638 148.433071
47 1009.444608 2690.232372
48 482.259229 385.858479
49 212.029584 2876.337309
50 5264.863006 35.488027
51 5175.368647 213.362584
52 1924.772359 1327.511275
53 2606.096989 3266.100338
54 3676.381709 3234.931061
55 4034.782168 76.289506
56 5409.159921 301.141380
57 1307.054626 1844.889701
58 687.622814 3054.101353
59 4715.733626 1671.259342
60 4390.471096 2523.433341
61 1374.040854 259.195093
62 1463.315968 861.791189
63 3726.343548 330.133809
64 4136.486570 3833.748974
65 738.592172 2724.412781
66 4656.144155 1042.018575
67 1347.556560 343.071267
68 825.261966 185.300314
69 2260.362520 96.051276
70 2318.836172 2355.158660
71 2744.176277 42.040787
72 332.206140 2215.863602
73 5196.203501 2219.297797
74 3173.948669 393.137417
75 1691.385881 3588.480245
76 1689.693798 1136.359361
77 2956.623948 3040.193045
78 994.648408 1865.451526
79 1137.637171 93.683823

0 1863.093887 3576.030542
1 4536.851732 1221.671871
2 4692.560815 3773.598384
3 3832.480619 440.567214
4 3808.021615 2965.591150
5 2546.606627 2997.853527
6 2120.977239 2251.969429
7 935.973307 3416.609458
8 4839.568689 2753.548813
9 310.611250 3584.365363
10 2305.645714 3321.870577
11 672.684037 2045.709619
12 2433.270164 513.752059
13 1911.161768 2981.818558
14 1007.240931 3059.824734
15 1600.905815 2693.707483
16 1071.906498 3429.506803
17 5202.724994 749.204703
18 3660.318646 249.363449
19 902.403921 2099.137842
20 1986.468385 1442.185768
21 762.181717 3776.708007
22 3329.211794 392.011798
23 3546.661676 3049.539434
24 2087.306232 749.091969
25 1084.032092 959.347692
26 2224.242762 1426.369071
27 3458.464424 2159.678161
28 3951.271422 1607.028164
29 980.943343 528.310930
30 4920.516596 2326.003680
31 3233.310254 3069.364103
32 4813.868083 832.773204
33 1442.905902 1582.463149
34 4474.366866 2465.229713
35 1760.460176 420.412072
36 3331.211373 919.105634
37 4449.413038 2781.991014
38 3406.317444 2069.094972
39 1496.495784 117.154811
40 4197.528371 1577.608310
41 4155.309406 104.463983
42 982.097755 2653.922511
43 4323.229842 808.049623
44 2922.298250 207.508030
45 3001.738804 1155.979222
46 4823.781017 1123.205854
47 1132.070354 3790.722441
48 1328.651894 184.348717
49 4049.777903 2838.347392
50 3707.792686 562.932257
51 3762.394889 0.982190
52 875.872726 2247.854736
53 1213.311644 2221.569789
54 2679.759495 3495.045713
55 2017.502864 70.213797
56 4024.810309 719.201766
57 2260.532993 3827.110726
58 809.814404 2985.676496
59 2569.218850 3242.705155
60 3818.915732 2750.408239
61 3761.709263 1687.652015
62 1032.537611 58.471114
63 3488.388733 3534.271384
64 2591.933339 1512.514440
65 509.671935 1826.523430
66 771.393222 48.120964
67 574.308334 1338.940138
68 1779.843449 1144.651494
69 1454.744270 425.419116
70 2265.626555 1876.974625
71 3349.177599 57.679059
72 2046.143529 3323.180860
73 75.408621 3349.980947
74 2419.394337 1606.882079
75 3666.120860 2558.032304
76 432.181769 342.867330
77 4154.539864 3444.245642
78 2198.015753 2928.803450
79 4085.744865 415.235367

0 3837.970757 3205.923881
1 3197.421541 114.039386
2 4967.462910 1880.391862
3 2841.904834 1055.708499
4 3017.201890 3013.238629
5 4757.377689 3394.387915
6 4086.127259 3825.111904
7 1533.831356 3127.484967
8 4640.320394 3837.168658
9 1083.643426 2808.102661
10 3401.799605 3243.722596
11 2085.016772 3634.637852
12 4718.378362 1887.916016
13 1533.830088 1318.521910
14 149.461250 2812.170217
15 4996.864786 2423.713105
16 1799.065964 2374.649695
17 4165.170103 1881.775675
18 3660.983630 1023.257656
19 390.496699 1350.003517
20 2251.774970 60.186978
21 1353.569553 3481.393957
22 4486.674850 683.609072
23 4477.874947 2837.236131
24 3562.073583 575.630067
25 1878.305914 2428.151293
26 4472.453538 1650.944792
27 2269.612987 2702.894631
28 1528.659317 462.753346
29 3907.509619 736.502717
30 4112.395060 3054.100156
31 1502.315292 3521.462068
32 2509.442755 1421.886572
33 3446.708332 96.560453
34 106.633573 3468.390730
35 3897.068514 33.351085
36 4340.093972 1748.124693
37 2748.823877 3672.507501
38 4187.004752 31.612948
39 1229.931867 2402.902735
40 3355.462634 2907.349294
41 4373.579495 143.810300
42 519.448074 2668.865689
43 2691.855915 1625.453131
44 4448.942485 845.001375
45 2058.999786 466.265585
46 5377.774107 687.646216
47 955.778032 2476.880800
48 374.277970 413.017123
49 630.009164 3463.226619
50 3270.788809 303.567334
51 478.195635 422.207039
52 670.596563 2571.025409
53 443.196212 3633.606871
54 2828.102998 3522.654908
55 1494.687332 930.690817
56 1855.744664 534.407661
57 2008.939770 3848.061174
58 394.740122 3356.276138
59 278.443713 3551.066272
60 2460.207171 3811.816080
61 3677.436278 1865.356214
62 2701.943449 668.776628
63 4327.152980 1087.962652
64 3652.345131 2454.539101
65 1464.863465 3367.695096
66 5298.321195 1263.561215
67 2771.730598 355.209604
68 958.607420 1391.586481
69 1704.008372 1847.831699
70 1882.758403 171.577155
71 3939.268957 1222.505292
72 1169.990570 3537.974363
73 540.416414 3022.868273
74 3278.242896 3458.459225
75 3837.325007 3740.955935
76 4683.500370 891.952295
77 1475.566001 3655.265236
78 3134.067638 8.845690
79 2913.180428 1350.653966

0 2949.852374 3840.328995
1 4837.697840 490.489276
2 3306.799852 1027.664279
3 4662.912524 1310.843200
4 1586.813708 3620.521641
5 4103.068087 3182.804426
6 4927.942457 3789.268926
7 795.516796 3329.880557
8 2823.839248 2934.935438
9 409.194569 3357.971662
10 2423.089154 3504.994999
11 913.125208 3018.392603
12 4812.651379 1043.362347
13 792.527399 2474.366286
14 1211.252924 3840.743570
15 4285.783717 1354.030998
16 1472.842133 2869.387917
17 2103.669009 1641.285090
18 4695.754560 1060.475584
19 230.724522 2175.782282
20 2429.871318 175.668467
21 319.668456 3252.173573
22 3946.593753 38.706928
23 3670.694736 2734.576056
24 4464.007195 393.284810
25 1146.086453 2659.263387
26 5175.631810 1925.367302
27 1281.641716 1648.628346
28 919.999822 26.273255
29 2661.448515 374.632695
30 3406.784227 3674.517461
31 1995.696724 3320.036306
32 2220.354533 1131.347006
33 4177.577767 431.856027
34 340.788330 2506.002189
35 2851.688302 429.413745
36 3254.649964 2361.836731
37 4266.782822 3888.768061
38 3587.631018 2124.241026
39 4346.962627 3625.264415
40 4763.084774 2250.442906
41 4294.848791 508.262836
42 629.582503 2601.110000
43 2191.903593 871.420188
44 2664.596886 1385.265950
45 1161.961983 320.598412
46 4107.471649 921.115606
47 70.831018 3262.028615
48 701.770578 316.910484
49 77.954493 3737.987042
50 4992.372395 1615.139213
51 650.697653 125.292265
52 911.539575 1080.194901
53 633.334066 2821.197859
54 2383.959257 3322.332201
55 1919.883041 601.108001
56 2136.810228 393.549056
57 1272.901091 2060.069483
58 350.208769 1806.854891
59 2220.693556 2125.486490
60 3499.024607 3013.112671
61 2163.500090 993.765195
62 1604.287243 292.410861
63 3691.262305 1250.576042
64 4090.830710 1805.414292
65 1290.672337 3826.120716
66 4192.541522 1639.815637
67 2032.283250 152.205748
68 779.466072 1085.268677
69 1186.181288 1146.731704
70 972.660320 2344.289830
71 4340.901075 807.255583
72 1281.030956 3474.282183
73 1815.642329 2819.651439
74 4555.062812 2603.567468
75 2644.600004 3518.678902
76 3691.495059 142.102389
77 1090.177807 3812.599967
78 2624.045084 2484.602918
79 5003.740185 505.880983

0 2358.008075 3688.664802
1 3384.431298 31.420444
2 4221.516282 591.318566
3 4163.364472 778.976765
4 4768.853500 3661.844802
5 4792.967395 2291.482730
6 2906.652477 2746.003040
7 291.536118 3480.891256
8 3990.725837 2857.427972
9 64.321114 3325.185636
10 4066.376773 3885.003874
11 2105.043574 3630.297262
12 4807.473631 2022.136120
13 364.482846 2590.133214
14 201.949838 3078.160868
15 4433.329554 2673.544243
16 1254.311202 3414.840409
17 3605.764458 1161.294981
18 5329.729107 183.844140
19 899.739387 1687.075229
20 905.730990 250.116485
21 610.896902 3350.898645
22 2936.135422 350.219385
23 3461.567395 2767.898972
24 3114.376146 157.484763
25 1439.222227 1117.589325
26 2681.391048 832.353350
27 1896.711504 1171.450661
28 2226.792533 1230.102621
29 3277.411564 84.502951
30 3721.470947 3685.110549
31 2860.699241 3229.447524
32 5347.388405 315.827194
33 2910.423115 432.292984
34 1007.700515 2969.956973
35 1573.960560 313.162418
36 4198.544892 1474.568526
37 3261.991271 3525.380710
38 3246.798844 1014.603690
39 598.789077 648.100969
40 5071.484089 1596.080070
41 4549.249757 852.130206
42 379.777112 2193.084841
43 4496.128578 1513.709668
44 1849.494980 124.863721
45 1224.841723 235.315430
46 5169.342442 1001.071504
47 479.437711 3781.425936
48 805.095801 19.618493
49 721.442819 3445.864571
50 2683.335885 237.912500
51 1982.129946 534.371415
52 614.078017 1356.604277
53 448.521292 3549.308585
54 567.438576 2912.988753
55 2265.969678 291.214491
56 4068.510263 73.348431
57 1319.983764 3832.937321
58 115.656186 3648.331406
59 850.840207 3814.568669
60 609.991147 3729.532990
61 3627.868633 1438.276142
62 2234.199539 885.974906
63 4645.627048 159.871396
64 2279.851579 2136.513688
65 507.217298 2009.094460
66 4760.324168 1565.897394
67 1111.463136 221.100511
68 263.853431 1488.846706
69 1415.761338 832.645718
70 2741.236092 1440.415206
71 3520.137009 407.855382
72 5362.036416 817.856410
73 4597.705574 3807.234006
74 3801.561560 2301.083600
75 4692.118842 3171.976393
76 3028.881473 730.426912
77 180.586780 3826.037265
78 1755.904916 1881.894135
79 4219.164602 468.964326

0 2347.610792 3710.534051
1 2726.833528 27.854765
2 4227.249708 1071.845780
3 4437.127298 1315.919360
4 4839.337580 3645.167887
5 4762.003781 1817.346055
6 2298.893041 3541.899574
7 596.611698 3785.952673
8 4742.370379 3210.955031
9 107.546848 3700.781723
10 4228.462498 3784.094658
11 2734.470948 3873.777673
12 4438.458506 2051.854253
13 538.327541 1637.501021
14 187.443713 2742.664682
15 4570.306403 3031.926426
16 1037.321316 3227.515260
17 5201.406033 864.947505
18 4498.432385 315.667826
19 355.386969 691.595491
20 1250.790172 362.871918
21 1250.290270 3470.211164
22 3019.437915 337.726547
23 3539.328058 2361.811464
24 2409.251766 346.283649
25 2194.408804 1439.306825
26 2865.965847 1333.665970
27 2731.202610 1562.165602
28 1724.329361 629.263169
29 3995.634442 260.176238
30 3667.335282 3496.860033
31 3092.913080 3242.669032
32 3837.767487 173.473103
33 3381.579997 837.767622
34 10.894725 3892.859838
35 721.530103 267.435016
36 4732.696606 1895.016388
37 3081.787615 3848.763741
38 2988.805176 1318.525559
39 900.264315 76.327029
40 4857.343355 2171.270884
41 5058.067019 1090.164675
42 326.098590 2196.670849
43 5185.719368 1448.838534
44 2296.150228 241.136127
45 1188.733623 1670.206708
46 3777.301933 1208.105362
47 594.604866 1403.787626
48 4598.330152 3303.094228
49 898.905326 3821.968328
50 1985.553746 332.737635
51 688.179816 628.709463
52 932.825000 462.586567
53 243.449975 3123.073033
54 1198.342635 3139.722963
55 2519.268032 404.862246
56 3355.736318 149.812522
57 1803.520332 3597.769920
58 1040.624840 3559.876705
59 247.325615 3882.726489
60 707.072393 3730.596311
61 3989.197094 2255.632921
62 1919.102930 115.035355
63 4886.494131 183.970694
64 2819.875582 2183.753832
65 560.259129 2170.648652
66 4554.894253 2447.976078
67 1581.098628 194.168338
68 289.112816 2281.823734
69 1935.506688 1329.007998
70 3207.369263 504.870587
71 1094.685989 2371.145004
72 4117.605833 1294.560918
73 4075.628745 3840.085655
74 3592.264843 2245.416260
75 4973.742497 3226.519638
76 2003.291579 1870.530535
77 1076.558016 2711.320022
78 2484.669186 638.320710
79 4448.975027 790.603433

0 2068.195204 3651.177957
1 2643.304561 53.531627
2 4012.363860 1138.531809
3 4643.813875 1482.478003
4 4728.565383 3564.735394
5 4551.243580 1667.301393
6 2026.373245 3501.232679
7 475.082529 3845.451693
8 4803.940807 3152.540169
9 293.863966 3666.810506
10 4517.821365 3698.268504
11 2792.263428 3845.138822
12 3789.199272 1957.318385
13 618.002205 1270.790640
14 151.846456 2879.493982
15 4536.650247 3228.838127
16 760.280227 3856.388631
17 5029.679086 902.494619
18 5439.382031 32.237983
19 366.863199 619.711401
20 528.193665 438.057278
21 1396.796351 3429.683509
22 2814.956456 393.766315
23 3384.682117 2270.316243
24 2116.330057 884.218564
25 1904.553907 3209.255276
26 2708.781724 1568.504334
27 2955.630900 1887.373249
28 1444.909645 520.495793
29 4011.257621 152.489895
30 3489.219708 3419.390673
31 2871.649161 3278.422107
32 3397.135234 441.674169
33 3276.712573 844.903939
34 858.570801 3848.241138
35 409.106819 239.210006
36 4860.994429 2032.720560
37 2902.262787 3882.134623
38 3092.153890 1628.994753
39 975.958243 63.199522
40 4783.444322 2455.087525
41 5026.335145 1190.615735
42 338.156533 2118.485895
43 5217.118230 1411.860335
44 2105.298337 268.773872
45 997.204733 317.436826
46 3441.325343 1232.630262
47 603.694179 944.561269
48 4383.865215 2088.590703
49 1126.430340 3898.254105
50 1826.669136 538.005267
51 429.823706 784.182437
52 1372.860591 430.129105
53 463.955250 3011.826395
54 1263.348594 3047.659658
55 2525.375094 397.366393
56 3357.513886 71.628204
57 2407.959670 3402.955766
58 648.404578 3283.666278
59 272.594053 3846.049182
60 850.966734 3485.772556
61 3855.167940 2491.379966
62 1946.446277 102.533302
63 4273.929596 351.862618
64 2999.183852 1985.798691
65 2632.237140 2281.457136
66 4568.070777 2673.418979
67 1400.791207 49.412317
68 452.039821 2527.299152
69 2193.844974 1418.145359
70 3132.126563 263.221016
71 715.676732 2213.367483
72 5290.759867 745.651356
73 4035.517250 2629.891608
74 2460.605790 3228.058816
75 3017.346761 3021.731469
76 1626.629425 1466.891060
77 1611.868569 2763.389950
78 2451.433735 550.619025
79 4133.309713 1028.156749

0 3951.311025 3812.434632
1 3354.356967 55.683272
2 2426.548268 1576.189859
3 4466.165695 976.304901
4 4317.628595 3856.277632
5 5013.698608 3332.248583
6 4019.763399 3392.188061
7 967.144992 3688.999405
8 4650.190623 3343.312003
9 25.533642 3814.281307
10 4284.362750 3228.720561
11 2290.795075 3188.167897
12 4699.023667 2132.504741
13 2241.443808 893.777162
14 587.917314 3096.326331
15 281.639659 3462.389034
16 2101.817461 3534.934147
17 5296.184334 1115.592608
18 4467.699457 1283.068881
19 323.013216 1146.857228
20 1900.625014 330.527093
21 2353.911025 3671.192134
22 3003.426352 745.069493
23 3578.264138 2249.995768
24 4710.794838 794.662869
25 3960.191969 1461.856394
26 4555.172797 2156.911633
27 2492.215926 3469.572535
28 1465.166724 466.952180
29 2684.426191 1895.777971
30 4994.058614 3031.672985
31 1357.072391 3527.265916
32 4892.066796 11.852712
33 4149.524072 333.978620
34 174.977903 2729.525804
35 4428.161366 40.430784
36 4594.307222 1269.817746
37 2570.440840 3829.538968
38 1051.619203 3877.997741
39 1876.721238 1190.466177
40 1910.650976 1658.038788
41 4967.223543 281.646835
42 322.675694 2730.754010
43 4177.710455 559.310743
44 1755.651817 2604.118365
45 2168.422414 3889.590555
46 3576.476946 1108.932790
47 1003.016153 903.644122
48 5205.138812 1777.739170
49 884.334687 3883.415978
50 2368.965594 605.708592
51 939.413528 776.141564
52 1124.158691 2964.159103
53 570.187788 3286.515192
54 2758.930721 3217.295091
55 2810.235122 767.717339
56 447.776074 24.510344
57 426.862313 3152.477629
58 897.978870 2904.853585
59 5.796908 3899.991375
60 3219.618423 3841.647123
61 5107.630962 2483.614195
62 1332.662129 970.824820
63 3668.531839 464.791520
64 4966.230372 2785.890365
65 1441.164099 3725.159363
66 4636.771450 306.116195
67 3815.349940 360.478637
68 247.136001 2031.946927
69 2765.334965 241.788560
70 1121.034226 382.962330
71 1552.650430 2528.001027
72 3603.747277 2752.277794
73 4451.041695 3879.671751
74 3705.751825 3601.991109
75 4718.619172 3724.581953
76 955.335634 1637.481137
77 577.016735 1865.192976
78 2559.854319 953.330987
79 3332.934373 786.693808

0 4248.183567 3887.462777
1 3351.908722 70.543104
2 2400.444388 1857.905068
3 4091.507584 1493.931562
4 4116.922767 3810.914122
5 4679.244222 3266.382766
6 3612.330072 3379.047873
7 997.694236 3709.695573
8 4265.728111 2198.836290
9 8.804089 3858.786810
10 4959.099590 3534.133061
11 1638.060335 2980.896964
12 5015.668162 2299.909736
13 2739.047945 375.542296
14 600.866175 3341.198189
15 67.999069 3680.623901
16 2296.380358 3591.214649
17 3259.315965 1230.751280
18 4860.159778 1424.691890
19 375.160126 1236.863893
20 1838.522575 463.367605
21 2902.670513 3789.076186
22 3025.639949 700.245756
23 3502.777482 2092.975228
24 4767.229525 1111.241106
25 4509.115870 1701.558061
26 4612.807283 2266.789575
27 3118.340615 3757.775436
28 722.327339 324.848213
29 3006.223538 2186.181807
30 3710.224342 2667.318430
31 782.241424 3690.028535
32 4712.112857 70.832182
33 3969.359106 570.318488
34 126.884272 2844.468041
35 5392.948726 19.765885
36 4683.794667 1676.541591
37 3840.529525 3727.373747
38 1091.334757 3245.054742
39 1377.707399 1698.352213
40 1087.363829 1894.052937
41 3895.544877 179.475476
42 311.314018 2986.734412
43 5144.017350 49.614968
44 2531.006751 3267.674176
45 2662.172643 3804.561143
46 3025.071252 402.216797
47 1401.217347 289.030403
48 4297.875056 2038.338091
49 462.396854 3374.054437
50 2094.678004 646.227008
51 819.850102 800.062994
52 1597.928721 3553.076791
53 2268.969884 3716.102971
54 3239.686456 3512.941691
55 2205.248046 35.470711
56 571.309874 23.554241
57 1547.289606 3357.457022
58 988.260784 2629.776860
59 758.631456 2545.272405
60 2514.392911 2861.150151
61 4581.413869 2956.376268
62 1120.779994 1081.725401
63 3214.326464 630.323424
64 3706.610326 3214.924235
65 433.737508 3776.884899
66 2885.590035 41.297441
67 4115.494862 228.262089
68 276.234203 2178.450260
69 2270.160178 3391.688118
70 2077.295448 43.440319
71 1970.822835 2451.735386
72 2983.043184 3635.956361
73 4675.401736 3746.027168
74 3954.783511 3344.433363
75 4627.819747 2498.735528
76 1838.241832 1912.825439
77 322.377753 862.090076
78 2584.530595 843.864855
79 3609.699063 633.496081

0 4272.509855 3879.984862
1 3317.833214 67.774898
2 2380.084595 1910.500694
3 4081.255274 1472.583785
4 4428.411508 3546.953633
5 5009.840538 3260.310299
6 3532.019064 3386.692725
7 1058.507948 3727.745904
8 4237.471880 2093.548960
9 52.742027 3862.706095
10 4612.039553 3451.794939
11 1542.159492 2994.631581
12 5165.934412 2433.711761
13 2862.983347 180.126028
14 577.051524 3361.541777
15 374.341214 3899.525804
16 2277.984516 3615.034928
17 3304.845050 1177.483386
18 5248.695665 1495.000112
19 359.013181 1321.891419
20 1933.526934 456.090068
21 3018.406854 3807.513776
22 3062.482048 706.250803
23 3502.029140 2047.459316
24 5057.370848 1115.235223
25 4567.195257 1604.196081
26 4578.101255 2408.576664
27 3216.424803 3866.916783
28 468.633356 285.178603
29 2657.851029 2226.899424
30 3644.161017 2589.618131
31 665.907927 3686.306848
32 4865.169478 119.877730
33 3965.291302 570.360493
34 421.414221 2765.493238
35 5404.023551 10.682000
36 4909.882896 1957.058360
37 3878.211923 3704.583408
38 1050.206174 3178.316330
39 1376.739836 1654.942567
40 1115.852153 1843.571064
41 4020.678969 162.217496
42 291.791158 3016.725605
43 3994.572994 10.588689
44 2492.234889 3519.823440
45 2792.129416 2007.349007
46 2750.290650 231.783703
47 1398.631840 283.993697
48 4673.610472 1935.191054
49 435.286566 3668.041526
50 2137.611746 727.313479
51 804.687748 749.030658
52 1621.494324 3472.051894
53 2432.431986 3852.583684
54 3319.541903 3429.555714
55 1635.227086 65.263154
56 596.910104 17.425108
57 1583.063451 3314.943804
58 974.595706 2542.290939
59 809.835986 2973.900741
60 2589.937031 2792.262624
61 4576.630624 2972.275741
62 1239.616302 1153.354293
63 2669.562323 3817.909675
64 3640.336549 3173.454362
65 376.182735 3800.541056
66 2649.814848 48.165983
67 5143.680168 223.687053
68 281.611450 2156.752613
69 2511.714503 3704.863556
70 2147.040756 41.463938
71 2065.136037 2368.574172
72 2890.538207 3822.611409
73 4703.703084 3761.086200
74 4219.525887 3394.580804
75 4384.668360 2291.013087
76 1916.479135 1931.521288
77 1421.377178 94.777408
78 2542.944523 520.708575
79 3677.606374 596.274922

0 4205.722417 3871.334227
1 3221.440373 96.175253
2 2244.435152 2021.100426
3 4282.235149 1464.876781
4 4618.428015 3591.481989
5 4063.199168 3252.781851
6 3503.631335 3482.897110
7 1049.986365 3634.932303
8 4341.983782 2132.834008
9 44.541635 3860.905145
10 2035.013564 2569.853425
11 1554.637067 3011.699378
12 4446.494113 2479.282252
13 2816.645891 100.927782
14 523.324376 3183.735733
15 1442.806319 1156.169275
16 2059.170062 3663.002162
17 2691.767111 1042.574340
18 1818.373711 1525.733248
19 377.927347 1252.446110
20 1830.433529 491.519643
21 3381.243877 3815.860875
22 2904.804544 707.907031
23 3547.410610 1957.471306
24 2211.654947 1051.936672
25 3954.646447 1339.265666
26 4202.123031 2647.766557
27 3643.860948 3861.268435
28 394.319687 288.774508
29 2600.347637 2298.925256
30 3691.272439 2582.815601
31 517.464406 3759.563738
32 5018.404603 94.966295
33 4002.217094 192.580521
34 227.949010 2759.831685
35 4752.614883 530.792139
36 5058.616058 1399.671456
37 3901.827296 3707.059181
38 954.870783 3373.594794
39 1380.236786 1461.415029
40 1245.035365 1735.242543
41 1152.586035 989.666579
42 277.437112 2982.469308
43 4836.690021 15.647446
44 1809.402577 3546.840906
45 2879.626897 2113.720402
46 5132.748116 1689.546892
47 1394.958503 281.892603
48 4771.922050 1764.295385
49 225.108067 3674.786658
50 2038.858796 426.608507
51 848.501124 769.060851
52 1688.453882 3538.214251
53 2556.740202 3835.968046
54 1496.949582 3515.386614
55 1713.491107 66.635579
56 828.705936 1478.408237
57 4259.045740 888.921945
58 1020.196273 2524.916476
59 1278.223522 3567.501844
60 1460.652004 3695.953461
61 4828.501555 3039.263817
62 1000.675534 2052.706220
63 4263.065531 11.533963
64 3359.817321 3294.782533
65 3842.010423 663.204723
66 2596.829742 720.581153
67 3500.676594 169.760908
68 249.550881 2239.442980
69 2711.046789 3550.308490
70 3281.695936 2589.596264
71 2339.027658 2358.179048
72 3117.623719 3751.867192
73 4611.245067 3734.310019
74 2167.173507 3141.089622
75 4768.107080 2276.073635
76 810.812079 2559.901472
77 1125.372916 83.354299
78 3116.322616 579.773641
79 3919.537261 599.445788

0 4205.864824 3871.329292
1 3220.361526 96.094895
2 2245.223733 2021.950769
3 4282.043991 1465.676002
4 4618.229102 3591.580272
5 4066.033731 3252.499273
6 3502.543628 3482.949785
7 1050.113629 3634.927002
8 4341.159938 2132.164124
9 44.585690 3860.919344
10 2037.887794 2570.667891
11 1555.328145 3011.564318
12 4445.894145 2475.496205
13 2818.745526 76.138431
14 523.488754 3183.647719
15 1441.806633 1158.019406
16 2058.601782 3663.062294
17 2690.756061 1043.253413
18 1821.269408 1525.182984
19 377.766315 1253.604755
20 1829.808448 491.291161
21 3379.980422 3815.846180
22 2903.703042 707.635995
23 3547.401448 1958.475022
24 2213.083616 1052.674110
25 3954.699408 1340.112138
26 4207.228588 2647.379849
27 3636.054939 3861.892949
28 394.405278 288.681697
29 2599.022419 2299.929195
30 3684.227137 2515.515411
31 517.843192 3759.662074
32 5276.841535 84.359457
33 4001.461954 194.030458
34 228.172336 2759.420046
35 4752.274523 531.453383
36 5163.021151 1401.347411
37 3901.631217 3707.187135
38 955.137790 3372.990576
39 1380.903282 1462.046380
40 1250.471183 1749.010209
41 1153.548975 988.833927
42 277.471264 2981.918621
43 4599.336364 558.247149
44 1809.687799 3546.312278
45 3438.851934 1209.685449
46 5166.478156 1688.147782
47 1394.678344 280.526242
48 4771.885954 1765.078704
49 225.112808 3674.773841
50 2038.397820 424.475200
51 848.410378 769.239614
52 1688.966525 3537.823670
53 2557.760347 3835.316682
54 1497.127061 3515.386609
55 1711.160267 68.129403
56 828.352080 1477.453443
57 4256.710351 887.777935
58 1013.594059 2524.264571
59 1280.445328 3569.308478
60 1458.012635 3696.417462
61 4828.299406 3039.689850
62 1000.337635 2053.464637
63 4013.753367 15.848490
64 3358.414696 3294.916036
65 3706.563501 649.344893
66 2597.780065 720.575757
67 3497.063218 168.870190
68 244.593519 2238.354636
69 2710.646611 3550.318356
70 3280.559445 2587.563790
71 2340.057708 2357.459885
72 3117.368825 3752.498980
73 4611.270738 3734.351838
74 2168.870342 3139.896842
75 4768.085512 2276.523728
76 811.590475 2558.024315
77 1126.289817 83.457317
78 3136.253239 690.497451
79 3919.420133 599.299597

0 4205.502312 3871.343889
1 3223.626506 96.320265
2 2242.867851 2019.360045
3 4282.671229 1463.267641
4 4618.775153 3591.270596
5 4058.659273 3253.347761
6 3505.737873 3482.732452
7 1049.739118 3634.965288
8 4343.592939 2134.168637
9 44.456490 3860.879542
10 2029.857775 2568.406383
11 1553.231887 3011.999176
12 4447.723034 2485.056545
13 2813.579862 77.872894
14 522.995370 3183.945737
15 1444.563807 1152.523088
16 2060.362597 3662.892945
17 2693.897690 1041.239505
18 1813.895096 1526.906040
19 378.243968 1250.155127
20 1831.725190 491.940171
21 3383.702009 3815.888180
22 2907.054213 708.418103
23 3547.446014 1955.464103
24 2208.675391 1050.610300
25 3954.538890 1337.789546
26 4195.645520 2650.463163
27 3651.420488 3863.279301
28 394.211765 288.970333
29 2603.046500 2296.976147
30 3697.172584 2481.662515
31 516.733066 3759.379029
32 5316.744082 60.796310
33 4003.886874 195.549583
34 227.545178 2760.694101
35 4754.446576 529.212574
36 5192.817895 1396.547233
37 3902.209646 3706.803444
38 954.343466 3374.756819
39 1378.889036 1460.178892
40 1242.295009 1696.296788
41 1151.574783 991.185424
42 277.388271 2983.563485
43 4933.248716 202.746495
44 1809.005721 3547.916101
45 3171.554880 2040.757132
46 4451.608912 1692.019121
47 1394.869294 286.220980
48 4771.983263 1762.755914
49 225.090551 3674.775936
50 2040.009106 429.663952
51 848.803876 768.846888
52 1687.467211 3538.975834
53 2555.055595 3835.060195
54 1495.444746 3513.651245
55 1725.080964 67.800757
56 829.361755 1480.328226
57 4262.934419 889.095273
58 1031.266930 2528.678644
59 1275.639125 3565.258016
60 1463.580756 3695.753049
61 4828.820482 3038.424870
62 1000.897570 2051.856394
63 5129.247245 101.291427
64 3362.951110 3294.506331
65 4426.805423 301.611448
66 2595.799881 720.937275
67 3502.882117 174.541223
68 252.944141 2240.402454
69 2711.788893 3550.391410
70 3284.095742 2593.493948
71 2336.899156 2359.636265
72 3118.246769 3749.890485
73 4611.231204 3734.236622
74 2164.394945 3142.791241
75 4768.359840 2274.978968
76 809.291891 2561.983455
77 1123.614623 83.135600
78 3120.484992 754.640880
79 3920.077586 599.594102

0 4205.502270 3871.343891
1 3223.626884 96.320291
2 2242.867578 2019.359745
3 4282.671301 1463.267362
4 4618.775216 3591.270560
5 4058.658420 3253.347859
6 3505.738242 3482.732427
7 1049.739075 3634.965292
8 4343.593221 2134.168869
9 44.456476 3860.879537
10 2029.856846 2568.406121
11 1553.231645 3011.999227
12 4447.723246 2485.057651
13 2813.579264 77.873094
14 522.995313 3183.945772
15 1444.564126 1152.522452
16 2060.362800 3662.892925
17 2693.898054 1041.239272
18 1813.894242 1526.906240
19 378.244023 1250.154728
20 1831.725412 491.940246
21 3383.702440 3815.888185
22 2907.054600 708.418193
23 3547.446019 1955.463754
24 2208.674881 1050.610061
25 3954.538872 1337.789278
26 4195.644180 2650.463520
27 3651.422266 3863.279461
28 394.211742 288.970366
29 2603.046965 2296.975805
30 3697.174081 2481.658598
31 516.732938 3759.378996
32 5316.748698 60.793584
33 4003.887154 195.549759
34 227.545105 2760.694249
35 4754.446827 529.212315
36 5192.821342 1396.546678
37 3902.209713 3706.803400
38 954.343374 3374.757023
39 1378.888803 1460.178676
40 1242.294063 1696.290690
41 1151.574555 991.185696
42 277.388261 2983.563675
43 4933.287349 202.743679
44 1809.005642 3547.916287
45 3171.523954 2040.853285
46 4451.624817 1692.019569
47 1394.869316 286.221639
48 4771.983274 1762.755645
49 225.090549 3674.775936
50 2040.009293 429.664552
51 848.803922 768.846843
52 1687.467038 3538.975968
53 2555.055282 3835.060165
54 1495.444551 3513.651044
55 1725.082575 67.800719
56 829.361872 1480.328558
57 4262.935139 889.095425
58 1031.268975 2528.679154
59 1275.638569 3565.257547
60 1463.581401 3695.752972
61 4828.820542 3038.424724
62 1000.897634 2051.856208
63 778.457870 31.683322
64 3362.951635 3294.506284
65 4426.888753 301.571216
66 2595.799651 720.937317
67 3502.882790 174.541880
68 252.945107 2240.402691
69 2711.789025 3550.391419
70 3284.096151 2593.494635
71 2336.898791 2359.636517
72 3118.246870 3749.890183
73 4611.231200 3734.236608
74 2164.394427 3142.791576
75 4768.359872 2274.978789
76 809.291625 2561.983914
77 1123.614313 83.135563
78 3120.483167 754.648302
79 3920.077662 599.594136

0 4205.502270 3871.343891
1 3223.626886 96.320291
2 2242.867576 2019.359743
3 4282.671302 1463.267360
4 4618.775217 3591.270560
5 4058.658414 3253.347860
6 3505.738245 3482.732426
7 1049.739075 3634.965292
8 4343.593223 2134.168870
9 44.456475 3860.879537
10 2029.856839 2568.406120
11 1553.231643 3011.999227
12 4447.723247 2485.057659
13 2813.579260 77.873096
14 522.995313 3183.945772
15 1444.564128 1152.522448
16 2060.362802 3662.892925
17 2693.898056 1041.239270
18 1813.894237 1526.906241
19 378.244024 1250.154725
20 1831.725413 491.940247
21 3383.702443 3815.888185
22 2907.054603 708.418194
23 3547.446019 1955.463752
24 2208.674877 1050.610059
25 3954.538871 1337.789276
26 4195.644171 2650.463522
27 3651.422278 3863.279462
28 394.211742 288.970367
29 2603.046968 2296.975803
30 3697.174092 2481.658571
31 516.732937 3759.378996
32 5316.748730 60.793565
33 4003.887156 195.549760
34 227.545105 2760.694250
35 4754.446829 529.212313
36 5192.821366 1396.546674
37 3902.209713 3706.803400
38 954.343373 3374.757025
39 1378.888801 1460.178674
40 1242.294057 1696.290648
41 1151.574554 991.185698
42 277.388261 2983.563676
43 4933.287612 202.743627
44 1809.005641 3547.916288
45 3171.523744 2040.853940
46 4451.624926 1692.019572
47 1394.869316 286.221643
48 4771.983274 1762.755643
49 225.090549 3674.775936
50 2040.009294 429.664556
51 848.803922 768.846843
52 1687.467037 3538.975969
53 2555.055280 3835.060165
54 1495.444550 3513.651043
55 1725.082586 67.800718
56 829.361873 1480.328560
57 4262.935144 889.095426
58 1031.268989 2528.679158
59 1275.638566 3565.257544
60 1463.581405 3695.752972
61 4828.820542 3038.424723
62 1000.897635 2051.856207
63 715.839359 31.192430
64 3362.951639 3294.506283
65 4426.889321 301.570942
66 2595.799650 720.937317
67 3502.882795 174.541884
68 252.945114 2240.402693
69 2711.789026 3550.391419
70 3284.096154 2593.494639
71 2336.898788 2359.636519
72 3118.246871 3749.890181
73 4611.231200 3734.236608
74 2164.394424 3142.791579
75 4768.359872 2274.978788
76 809.291623 2561.983917
77 950.236426 11.637872
78 3120.483155 754.648352
79 3920.077662 599.594136

0 4205.502270 3871.343891
1 3223.626886 96.320291
2 2242.867577 2019.359744
3 4282.671301 1463.267361
4 4618.775217 3591.270560
5 4058.658416 3253.347860
6 3505.738244 3482.732426
7 1049.739075 3634.965292
8 4343.593222 2134.168870
9 44.456475 3860.879537
10 2029.856841 2568.406120
11 1553.231643 3011.999227
12 4447.723247 2485.057657
13 2813.579261 77.873095
14 522.995313 3183.945772
15 1444.564128 1152.522449
16 2060.362801 3662.892925
17 2693.898055 1041.239271
18 1813.894238 1526.906241
19 378.244024 1250.154725
20 1831.725413 491.940247
21 3383.702442 3815.888185
22 2907.054602 708.418194
23 3547.446019 1955.463753
24 2208.674878 1050.610060
25 3954.538871 1337.789276
26 4195.644173 2650.463521
27 3651.422275 3863.279462
28 394.211742 288.970367
29 2603.046968 2296.975803
30 3697.174089 2481.658578
31 516.732937 3759.378996
32 5316.748722 60.793570
33 4003.887156 195.549760
34 227.545105 2760.694249
35 4754.446828 529.212313
36 5192.821360 1396.546675
37 3902.209713 3706.803400
38 954.343373 3374.757024
39 1378.888801 1460.178675
40 1242.294058 1696.290659
41 1151.574554 991.185698
42 277.388261 2983.563676
43 4933.287546 202.743640
44 1809.005641 3547.916288
45 3171.523797 2040.853775
46 4451.624898 1692.019572
47 1394.869316 286.221642
48 4771.983274 1762.755644
49 225.090549 3674.775936
50 2040.009294 429.664555
51 848.803922 768.846843
52 1687.467037 3538.975968
53 2555.055280 3835.060165
54 1495.444550 3513.651043
55 1725.082583 67.800719
56 829.361873 1480.328560
57 4262.935143 889.095426
58 1031.268985 2528.679157
59 1275.638567 3565.257545
60 1463.581404 3695.752972
61 4828.820542 3038.424723
62 1000.897635 2051.856207
63 734.201874 31.316400
64 3362.951638 3294.506283
65 4426.889177 301.571011
66 2595.799650 720.937317
67 3502.882794 174.541883
68 252.945112 2240.402692
69 2711.789026 3550.391419
70 3284.096154 2593.494638
71 2336.898789 2359.636518
72 3118.246871 3749.890182
73 4611.231200 3734.236608
74 2164.394425 3142.791578
75 4768.359872 2274.978788
76 809.291624 2561.983916
77 995.168976 18.778876
78 3120.483158 754.648339
79 3920.077662 599.594136

0 4205.502270 3871.343891
1 3223.626886 96.320291
2 2242.867576 2019.359743
3 4282.671302 1463.267360
4 4618.775217 3591.270560
5 4058.658414 3253.347860
6 3505.738245 3482.732426
7 1049.739075 3634.965292
8 4343.593223 2134.168870
9 44.456475 3860.879537
10 2029.856840 2568.406120
11 1553.231643 3011.999227
12 4447.723247 2485.057658
13 2813.579260 77.873096
14 522.995313 3183.945772
15 1444.564128 1152.522448
16 2060.362802 3662.892925
17 2693.898056 1041.239270
18 1813.894237 1526.906241
19 378.244024 1250.154725
20 1831.725413 491.940247
21 3383.702443 3815.888185
22 2907.054603 708.418194
23 3547.446019 1955.463752
24 2208.674878 1050.610060
25 3954.538871 1337.789276
26 4195.644172 2650.463522
27 3651.422277 3863.279462
28 394.211742 288.970367
29 2603.046968 2296.975803
30 3697.174091 2481.658573
31 516.732937 3759.378996
32 5316.748727 60.793567
33 4003.887156 195.549760
34 227.545105 2760.694250
35 4754.446828 529.212313
36 5192.821364 1396.546674
37 3902.209713 3706.803400
38 954.343373 3374.757025
39 1378.888801 1460.178674
40 1242.294057 1696.290651
41 1151.574554 991.185698
42 277.388261 2983.563676
43 4933.287593 202.743631
44 1809.005641 3547.916288
45 3171.523759 2040.853893
46 4451.624918 1692.019572
47 1394.869316 286.221643
48 4771.983274 1762.755643
49 225.090549 3674.775936
50 2040.009294 429.664556
51 848.803922 768.846843
52 1687.467037 3538.975969
53 2555.055280 3835.060165
54 1495.444550 3513.651043
55 1725.082585 67.800718
56 829.361873 1480.328560
57 4262.935143 889.095426
58 1031.268988 2528.679158
59 1275.638566 3565.257544
60 1463.581405 3695.752972
61 4828.820542 3038.424723
62 1000.897635 2051.856207
63 721.064760 31.227708
64 3362.951639 3294.506283
65 4426.889280 301.570962
66 2595.799650 720.937317
67 3502.882794 174.541884
68 252.945113 2240.402693
69 2711.789026 3550.391419
70 3284.096154 2593.494639
71 2336.898788 2359.636519
72 3118.246871 3749.890181
73 4611.231200 3734.236608
74 2164.394424 3142.791578
75 4768.359872 2274.978788
76 809.291623 2561.983916
77 963.022834 24.607896
78 3120.483156 754.648349
79 3920.077662 599.594136

0 4205.502270 3871.343891
1 3223.626886 96.320291
2 2242.867577 2019.359744
3 4282.671301 1463.267360
4 4618.775217 3591.270560
5 4058.658415 3253.347860
6 3505.738244 3482.732426
7 1049.739075 3634.965292
8 4343.593223 2134.168870
9 44.456475 3860.879537
10 2029.856840 2568.406120
11 1553.231643 3011.999227
12 4447.723247 2485.057657
13 2813.579261 77.873096
14 522.995313 3183.945772
15 1444.564128 1152.522448
16 2060.362801 3662.892925
17 2693.898056 1041.239270
18 1813.894238 1526.906241
19 378.244024 1250.154725
20 1831.725413 491.940247
21 3383.702442 3815.888185
22 2907.054602 708.418194
23 3547.446019 1955.463752
24 2208.674878 1050.610060
25 3954.538871 1337.789276
26 4195.644172 2650.463522
27 3651.422276 3863.279462
28 394.211742 288.970367
29 2603.046968 2296.975803
30 3697.174090 2481.658576
31 516.732937 3759.378996
32 5316.748724 60.793569
33 4003.887156 195.549760
34 227.545105 2760.694250
35 4754.446828 529.212313
36 5192.821362 1396.546675
37 3902.209713 3706.803400
38 954.343373 3374.757024
39 1378.888801 1460.178674
40 1242.294058 1696.290655
41 1151.574554 991.185698
42 277.388261 2983.563676
43 4933.287568 202.743636
44 1809.005641 3547.916288
45 3171.523779 2040.853829
46 4451.624907 1692.019572
47 1394.869316 286.221643
48 4771.983274 1762.755644
49 225.090549 3674.775936
50 2040.009294 429.664556
51 848.803922 768.846843
52 1687.467037 3538.975968
53 2555.055280 3835.060165
54 1495.444550 3513.651043
55 1725.082584 67.800718
56 829.361873 1480.328560
57 4262.935143 889.095426
58 1031.268986 2528.679157
59 1275.638566 3565.257544
60 1463.581404 3695.752972
61 4828.820542 3038.424723
62 1000.897635 2051.856207
63 728.132591 31.275425
64 3362.951638 3294.506283
65 4426.889225 301.570988
66 2595.799650 720.937317
67 3502.882794 174.541883
68 252.945113 2240.402693
69 2711.789026 3550.391419
70 3284.096154 2593.494638
71 2336.898788 2359.636518
72 3118.246871 3749.890181
73 4611.231200 3734.236608
74 2164.394425 3142.791578
75 4768.359872 2274.978788
76 809.291623 2561.983916
77 980.317613 21.114923
78 3120.483157 754.648344
79 3920.077662 599.594136

0 4205.502270 3871.343891
1 3223.626886 96.320291
2 2242.867577 2019.359744
3 4282.671302 1463.267360
4 4618.775217 3591.270560
5 4058.658415 3253.347860
6 3505.738244 3482.732426
7 1049.739075 3634.965292
8 4343.593223 2134.168870
9 44.456475 3860.879537
10 2029.856840 2568.406120
11 1553.231643 3011.999227
12 4447.723247 2485.057658
13 2813.579261 77.873096
14 522.995313 3183.945772
15 1444.564128 1152.522448
16 2060.362801 3662.892925
17 2693.898056 1041.239270
18 1813.894238 1526.906241
19 378.244024 1250.154725
20 1831.725413 491.940247
21 3383.702443 3815.888185
22 2907.054603 708.418194
23 3547.446019 1955.463752
24 2208.674878 1050.610060
25 3954.538871 1337.789276
26 4195.644172 2650.463522
27 3651.422276 3863.279462
28 394.211742 288.970367
29 2603.046968 2296.975803
30 3697.174090 2481.658576
31 516.732937 3759.378996
32 5316.748725 60.793568
33 4003.887156 195.549760
34 227.545105 2760.694250
35 4754.446828 529.212313
36 5192.821362 1396.546675
37 3902.209713 3706.803400
38 954.343373 3374.757024
39 1378.888801 1460.178674
40 1242.294058 1696.290655
41 1151.574554 991.185698
42 277.388261 2983.563676
43 4933.287570 202.743636
44 1809.005641 3547.916288
45 3171.523777 2040.853836
46 4451.624908 1692.019572
47 1394.869316 286.221643
48 4771.983274 1762.755644
49 225.090549 3674.775936
50 2040.009294 429.664556
51 848.803922 768.846843
52 1687.467037 3538.975968
53 2555.055280 3835.060165
54 1495.444550 3513.651043
55 1725.082584 67.800718
56 829.361873 1480.328560
57 4262.935143 889.095426
58 1031.268986 2528.679157
59 1275.638566 3565.257544
60 1463.581404 3695.752972
61 4828.820542 3038.424723
62 1000.897635 2051.856207
63 727.362800 31.270228
64 3362.951638 3294.506283
65 4426.889231 301.570986
66 2595.799650 720.937317
67 3502.882794 174.541883
68 252.945113 2240.402693
69 2711.789026 3550.391419
70 3284.096154 2593.494639
71 2336.898788 2359.636518
72 3118.246871 3749.890181
73 4611.231200 3734.236608
74 2164.394424 3142.791578
75 4768.359872 2274.978788
76 809.291623 2561.983916
77 978.433957 21.495359
78 3120.483157 754.648344
79 3920.077662 599.594136

0 4205.774758 3871.374787
1 3220.265262 94.132264
2 2242.766938 2019.585395
3 4282.396380 1463.297308
4 4618.947827 3591.141324
5 4057.853372 3253.419554
6 3505.567695 3482.638438
7 1049.719902 3634.798986
8 4343.660810 2133.906316
9 44.469293 3860.917446
10 2028.817192 2567.800402
11 1553.477872 3012.032597
12 4447.356501 2485.359276
13 2813.754068 77.650239
14 518.907847 3183.073832
15 1445.712834 1150.665467
16 2060.382656 3662.886274
17 2693.089322 1041.206710
18 1812.296982 1527.085113
19 378.258218 1250.048851
20 1831.793399 491.963872
21 3384.229217 3815.962159
22 2906.986841 708.377156
23 3547.488287 1955.461602
24 2206.929807 1050.639969
25 3954.511091 1337.667361
26 4144.632486 2648.053242
27 3651.635889 3863.318069
28 394.022904 288.988013
29 2600.975515 2296.413017
30 3697.057231 2481.353103
31 518.065616 3758.960211
32 5406.781187 60.629958
33 4003.923551 195.401759
34 228.255723 2760.743819
35 4668.799278 528.950513
36 5193.206873 1396.258587
37 3902.415239 3706.839910
38 953.547698 3375.079860
39 1382.542112 1463.061128
40 1237.549515 1688.150106
41 1150.086987 991.601769
42 274.082291 2981.075954
43 4939.811506 203.056217
44 1808.628373 3548.907253
45 3164.931244 2037.611284
46 4451.642017 1692.274849
47 1394.754024 286.011414
48 4937.161229 857.775108
49 250.870425 3681.368089
50 2040.109827 428.885075
51 848.860799 768.862588
52 1687.121098 3538.770833
53 2555.772392 3834.699679
54 1494.995829 3511.598790
55 1828.008961 74.871633
56 830.523318 1480.569893
57 4264.223695 888.244741
58 1032.606302 2497.512674
59 1275.877392 3565.341733
60 1464.513466 3693.625439
61 4828.936167 3038.855413
62 1067.725468 2020.222250
63 720.204427 14.427930
64 3362.158795 3294.533630
65 4427.780919 302.802156
66 2603.592534 752.256097
67 3502.854401 174.388130
68 252.772144 2240.931563
69 2719.009193 3554.261245
70 3279.106389 2599.826518
71 2339.546199 2362.714558
72 3118.270302 3750.094061
73 4611.568928 3734.894327
74 2171.995721 3139.876374
75 4767.525255 2268.713804
76 802.072036 2554.038784
77 977.360512 21.989449
78 3120.930356 754.392243
79 3980.710194 678.700197

0 4205.586795 3871.353475
1 3222.584113 95.641567
2 2242.836358 2019.429740
3 4282.586021 1463.276650
4 4618.828760 3591.230471
5 4058.408691 3253.370099
6 3505.685340 3482.703271
7 1049.733127 3634.913704
8 4343.614188 2134.087426
9 44.460451 3860.891297
10 2029.534342 2568.218227
11 1553.308023 3012.009578
12 4447.609483 2485.151220
13 2813.633486 77.803966
14 521.727384 3183.675297
15 1444.920456 1151.946414
16 2060.368960 3662.890862
17 2693.647187 1041.229170
18 1813.398770 1526.961727
19 378.248427 1250.121883
20 1831.746502 491.947575
21 3383.865848 3815.911132
22 2907.033583 708.405464
23 3547.459131 1955.463085
24 2208.133558 1050.619338
25 3954.530254 1337.751458
26 4179.820380 2649.715855
27 3651.488539 3863.291438
28 394.153164 288.975840
29 2602.404405 2296.801227
30 3697.137841 2481.563817
31 517.146333 3759.249089
32 5344.676737 60.742816
33 4003.898446 195.503850
34 227.765538 2760.709626
35 4727.879014 529.131103
36 5192.940948 1396.457310
37 3902.273467 3706.814725
38 954.096555 3374.857168
39 1380.022056 1461.072810
40 1240.822303 1693.765460
41 1151.113112 991.314763
42 276.362751 2982.791986
43 4935.311303 202.840596
44 1808.888613 3548.223685
45 3169.478768 2039.848029
46 4451.630221 1692.098759
47 1394.833553 286.156430
48 4823.221368 1482.031270
49 233.087450 3676.820817
50 2040.040479 429.422762
51 848.821565 768.851727
52 1687.359727 3538.912336
53 2555.277728 3834.948342
54 1495.305357 3513.014435
55 1757.010280 69.994112
56 829.722152 1480.403422
57 4263.334851 888.831544
58 1031.683821 2519.011335
59 1275.712650 3565.283659
60 1463.870530 3695.093012
61 4828.856409 3038.558323
62 1021.627585 2042.043374
63 721.827452 26.023379
64 3362.705699 3294.514766
65 4427.165858 301.952881
66 2598.216997 730.652382
67 3502.873987 174.494189
68 252.891458 2240.566748
69 2714.028717 3551.591836
70 3282.548332 2595.458784
71 2337.720013 2360.591325
72 3118.254139 3749.953425
73 4611.335963 3734.440632
74 2166.752341 3141.887284
75 4768.100974 2273.035394
76 807.052112 2559.519341
77 969.989691 23.286837
78 3120.621877 754.568904
79 3938.885834 624.132785

0 4205.590617 3871.353908
1 3222.536972 95.610884
2 2242.834947 2019.432905
3 4282.582166 1463.277070
4 4618.831181 3591.228659
5 4058.397402 3253.371105
6 3505.682949 3482.701953
7 1049.732858 3634.911372
8 4343.615136 2134.083744
9 44.460631 3860.891828
10 2029.519763 2568.209733
11 1553.311476 3012.010046
12 4447.604340 2485.155449
13 2813.635937 77.800841
14 521.670065 3183.663070
15 1444.936564 1151.920373
16 2060.369239 3662.890768
17 2693.635846 1041.228713
18 1813.376371 1526.964235
19 378.248626 1250.120398
20 1831.747455 491.947907
21 3383.873235 3815.912169
22 2907.032633 708.404888
23 3547.459723 1955.463055
24 2208.109087 1050.619757
25 3954.529864 1337.749748
26 4179.105042 2649.682055
27 3651.491535 3863.291979
28 394.150516 288.976088
29 2602.375357 2296.793335
30 3697.136202 2481.559533
31 517.165021 3759.243216
32 5345.939264 60.740521
33 4003.898956 195.501775
34 227.775503 2760.710321
35 4726.677977 529.127432
36 5192.946354 1396.453270
37 3902.276349 3706.815237
38 954.085398 3374.861695
39 1380.073286 1461.113230
40 1240.755771 1693.651305
41 1151.092251 991.320597
42 276.316392 2982.757101
43 4935.402788 202.844979
44 1808.883323 3548.237581
45 3169.386321 2039.802558
46 4451.630460 1692.102339
47 1394.831936 286.153482
48 4825.537662 1469.340710
49 233.448962 3676.913259
50 2040.041889 429.411831
51 848.822363 768.851948
52 1687.354876 3538.909459
53 2555.287784 3834.943287
54 1495.299064 3512.985656
55 1758.453618 70.093267
56 829.738439 1480.406806
57 4263.352921 888.819615
58 1031.702575 2518.574286
59 1275.715999 3565.284840
60 1463.883600 3695.063178
61 4828.858030 3038.564362
62 1022.564713 2041.599770
63 721.753996 25.787381
64 3362.694581 3294.515150
65 4427.178362 301.970146
66 2598.326277 731.091566
67 3502.873588 174.492033
68 252.889033 2240.574164
69 2714.129966 3551.646103
70 3282.478360 2595.547576
71 2337.757138 2360.634488
72 3118.254468 3749.956284
73 4611.340699 3734.449855
74 2166.858935 3141.846404
75 4768.089270 2272.947540
76 806.950872 2559.407927
77 970.040526 23.280458
78 3120.628148 754.565313
79 3939.736086 625.242091

0 4205.621935 3871.357459
1 3222.150602 95.359401
2 2242.823380 2019.458840
3 4282.550568 1463.280512
4 4618.851020 3591.213805
5 4058.304873 3253.379345
6 3505.663347 3482.691151
7 1049.730655 3634.892258
8 4343.622904 2134.053567
9 44.462104 3860.896185
10 2029.400270 2568.140114
11 1553.339776 3012.013882
12 4447.562187 2485.190116
13 2813.656028 77.775226
14 521.200269 3183.562852
15 1445.068592 1151.706940
16 2060.371521 3662.890004
17 2693.542894 1041.224971
18 1813.192790 1526.984794
19 378.250257 1250.108229
20 1831.755269 491.950622
21 3383.933780 3815.920672
22 2907.024845 708.400171
23 3547.464581 1955.462808
24 2207.908516 1050.623195
25 3954.526672 1337.735736
26 4173.241976 2649.405028
27 3651.516087 3863.296417
28 394.128812 288.978116
29 2602.137273 2296.728651
30 3697.122771 2481.524424
31 517.318194 3759.195083
32 5356.287212 60.721717
33 4003.903139 195.484764
34 227.857179 2760.716018
35 4716.834012 529.097342
36 5192.990663 1396.420158
37 3902.299972 3706.819433
38 953.993946 3374.898800
39 1380.493182 1461.444527
40 1240.210453 1692.715665
41 1150.921277 991.368419
42 275.936417 2982.471173
43 4936.152621 202.880906
44 1808.839961 3548.351479
45 3168.628604 2039.429871
46 4451.632427 1692.131679
47 1394.818685 286.129319
48 4844.522512 1365.326107
49 236.411991 3677.670933
50 2040.053444 429.322241
51 848.828900 768.853757
52 1687.315115 3538.885882
53 2555.370206 3834.901855
54 1495.247490 3512.749779
55 1770.283537 70.905968
56 829.871931 1480.434544
57 4263.501021 888.721841
58 1031.856280 2514.992144
59 1275.743448 3565.294516
60 1463.990727 3694.818648
61 4828.871320 3038.613864
62 1030.245619 2037.963898
63 721.151936 23.853089
64 3362.603455 3294.518293
65 4427.280847 302.111653
66 2599.221958 734.691213
67 3502.870325 174.474362
68 252.869152 2240.634951
69 2714.959821 3552.090884
70 3281.904858 2596.275335
71 2338.061420 2360.988265
72 3118.257161 3749.979717
73 4611.379516 3734.525451
74 2167.732595 3141.511343
75 4767.993343 2272.227470
76 806.121083 2558.494747
77 970.457179 23.228178
78 3120.679547 754.535877
79 3946.704930 634.334204

0 4205.607707 3871.355846
1 3222.326135 95.473653
2 2242.828635 2019.447057
3 4282.564923 1463.278948
4 4618.842007 3591.220553
5 4058.346910 3253.375601
6 3505.672252 3482.696058
7 1049.731656 3634.900942
8 4343.619375 2134.067277
9 44.461435 3860.894206
10 2029.454557 2568.171743
11 1553.326919 3012.012139
12 4447.581338 2485.174366
13 2813.646901 77.786863
14 521.413704 3183.608383
15 1445.008610 1151.803906
16 2060.370484 3662.890351
17 2693.585124 1041.226671
18 1813.276194 1526.975454
19 378.249516 1250.113758
20 1831.751719 491.949389
21 3383.906273 3815.916809
22 2907.028383 708.402314
23 3547.462374 1955.462920
24 2207.999638 1050.621633
25 3954.528122 1337.742102
26 4175.905651 2649.530885
27 3651.504932 3863.294401
28 394.138673 288.977195
29 2602.245437 2296.758038
30 3697.128873 2481.540375
31 517.248605 3759.216951
32 5351.585992 60.730260
33 4003.901239 195.492492
34 227.820072 2760.713430
35 4721.306265 529.111012
36 5192.970533 1396.435201
37 3902.289240 3706.817527
38 954.035494 3374.881943
39 1380.302417 1461.294014
40 1240.458199 1693.140739
41 1150.998953 991.346693
42 276.109045 2982.601074
43 4935.811961 202.864584
44 1808.859661 3548.299733
45 3168.972846 2039.599188
46 4451.631533 1692.118349
47 1394.824705 286.140297
48 4835.897424 1412.581422
49 235.065844 3677.326711
50 2040.048194 429.362943
51 848.825930 768.852935
52 1687.333179 3538.896593
53 2555.332760 3834.920678
54 1495.270921 3512.856942
55 1764.909036 70.536746
56 829.811284 1480.421942
57 4263.433737 888.766261
58 1031.786449 2516.619562
59 1275.730978 3565.290120
60 1463.942058 3694.929742
61 4828.865282 3038.591375
62 1026.756074 2039.615727
63 721.425461 24.731865
64 3362.644855 3294.516865
65 4427.234286 302.047364
66 2598.815038 733.055842
67 3502.871808 174.482390
68 252.878184 2240.607334
69 2714.582806 3551.888814
70 3282.165408 2595.944704
71 2337.923181 2360.827539
72 3118.255938 3749.969071
73 4611.361881 3734.491107
74 2167.335679 3141.663566
75 4768.036924 2272.554608
76 806.498068 2558.909617
77 970.267887 23.251930
78 3120.656196 754.549250
79 3943.538885 630.203527

0 4205.614626 3871.356631
1 3222.240769 95.418090
2 2242.826079 2019.452788
3 4282.557942 1463.279709
4 4618.846390 3591.217271
5 4058.326467 3253.377422
6 3505.667921 3482.693672
7 1049.731169 3634.896718
8 4343.621091 2134.060610
9 44.461761 3860.895168
10 2029.428156 2568.156361
11 1553.333172 3012.012987
12 4447.572025 2485.182026
13 2813.651340 77.781204
14 521.309905 3183.586240
15 1445.037781 1151.756748
16 2060.370988 3662.890182
17 2693.564586 1041.225844
18 1813.235632 1526.979996
19 378.249876 1250.111069
20 1831.753446 491.949988
21 3383.919651 3815.918687
22 2907.026662 708.401272
23 3547.463448 1955.462866
24 2207.955323 1050.622392
25 3954.527417 1337.739006
26 4174.610232 2649.469677
27 3651.510357 3863.295381
28 394.133877 288.977643
29 2602.192834 2296.743746
30 3697.125905 2481.532617
31 517.282448 3759.206316
32 5353.872326 60.726105
33 4003.902163 195.488734
34 227.838118 2760.714689
35 4719.131285 529.104364
36 5192.980323 1396.427885
37 3902.294459 3706.818454
38 954.015288 3374.890141
39 1380.395191 1461.367213
40 1240.337713 1692.934014
41 1150.961177 991.357259
42 276.025091 2982.537899
43 4935.977633 202.872522
44 1808.850080 3548.324898
45 3168.805431 2039.516844
46 4451.631968 1692.124832
47 1394.821777 286.134958
48 4840.092044 1389.599851
49 235.720513 3677.494116
50 2040.050747 429.343148
51 848.827374 768.853335
52 1687.324394 3538.891384
53 2555.350971 3834.911524
54 1495.259526 3512.804826
55 1767.522805 70.716309
56 829.840778 1480.428071
57 4263.466459 888.744658
58 1031.820410 2515.828103
59 1275.737043 3565.292258
60 1463.965727 3694.875714
61 4828.868219 3038.602312
62 1028.453137 2038.812397
63 721.292438 24.304492
64 3362.624721 3294.517559
65 4427.256930 302.078629
66 2599.012934 733.851168
67 3502.871087 174.478486
68 252.873792 2240.620765
69 2714.766159 3551.987086
70 3282.038696 2596.105499
71 2337.990410 2360.905704
72 3118.256533 3749.974248
73 4611.370457 3734.507809
74 2167.528710 3141.589535
75 4768.015730 2272.395511
76 806.314730 2558.707854
77 970.359945 23.240379
78 3120.667552 754.542747
79 3945.078621 632.212390

0 4205.609115 3871.356006
1 3222.308758 95.462343
2 2242.828115 2019.448224
3 4282.563502 1463.279103
4 4618.842899 3591.219885
5 4058.342749 3253.375972
6 3505.671370 3482.695573
7 1049.731557 3634.900082
8 4343.619724 2134.065920
9 44.461501 3860.894402
10 2029.449183 2568.168611
11 1553.328192 3012.012312
12 4447.579442 2485.175926
13 2813.647804 77.785711
14 521.392574 3183.603875
15 1445.014548 1151.794306
16 2060.370587 3662.890317
17 2693.580943 1041.226503
18 1813.267937 1526.976379
19 378.249589 1250.113211
20 1831.752071 491.949511
21 3383.908996 3815.917191
22 2907.028033 708.402102
23 3547.462593 1955.462909
24 2207.990617 1050.621787
25 3954.527979 1337.741472
26 4175.641953 2649.518426
27 3651.506037 3863.294600
28 394.137696 288.977286
29 2602.234729 2296.755129
30 3697.128269 2481.538795
31 517.255495 3759.214786
32 5352.051402 60.729414
33 4003.901427 195.491727
34 227.823746 2760.713686
35 4720.863523 529.109659
36 5192.972526 1396.433712
37 3902.290302 3706.817716
38 954.031381 3374.883612
39 1380.321303 1461.308915
40 1240.433672 1693.098658
41 1150.991263 991.348844
42 276.091955 2982.588214
43 4935.845685 202.866200
44 1808.857710 3548.304856
45 3168.938766 2039.582426
46 4451.631622 1692.119669
47 1394.824109 286.139210
48 4836.751288 1407.903256
49 235.199110 3677.360788
50 2040.048714 429.358913
51 848.826224 768.853017
52 1687.331391 3538.895533
53 2555.336467 3834.918815
54 1495.268601 3512.846333
55 1765.441099 70.573298
56 829.817288 1480.423190
57 4263.440398 888.761863
58 1031.793362 2516.458452
59 1275.732212 3565.290555
60 1463.946876 3694.918744
61 4828.865880 3038.593601
62 1027.101531 2039.452199
63 721.398382 24.644868
64 3362.640756 3294.517006
65 4427.238896 302.053729
66 2598.855322 733.217740
67 3502.871661 174.481595
68 252.877290 2240.610068
69 2714.620129 3551.908818
70 3282.139615 2595.977435
71 2337.936866 2360.843450
72 3118.256059 3749.970125
73 4611.363627 3734.494507
74 2167.374972 3141.648496
75 4768.032610 2272.522222
76 806.460747 2558.868546
77 970.286627 23.249579
78 3120.658508 754.547926
79 3943.852316 630.612455

0 4205.613496 3871.356502
1 3222.254717 95.427168
2 2242.826497 2019.451851
3 4282.559082 1463.279585
4 4618.845674 3591.217807
5 4058.329807 3253.377124
6 3505.668629 3482.694062
7 1049.731249 3634.897408
8 4343.620811 2134.061699
9 44.461707 3860.895011
10 2029.432470 2568.158874
11 1553.332150 3012.012848
12 4447.573546 2485.180774
13 2813.650614 77.782129
14 521.326865 3183.589858
15 1445.033014 1151.764453
16 2060.370906 3662.890210
17 2693.567942 1041.225979
18 1813.242259 1526.979254
19 378.249818 1250.111508
20 1831.753164 491.949890
21 3383.917465 3815.918380
22 2907.026943 708.401442
23 3547.463272 1955.462875
24 2207.962563 1050.622268
25 3954.527532 1337.739512
26 4174.821892 2649.479678
27 3651.509471 3863.295221
28 394.134661 288.977570
29 2602.201429 2296.746081
30 3697.126390 2481.533885
31 517.276919 3759.208053
32 5353.498760 60.726784
33 4003.902012 195.489348
34 227.835170 2760.714483
35 4719.486657 529.105450
36 5192.978723 1396.429081
37 3902.293606 3706.818303
38 954.018589 3374.888802
39 1380.380033 1461.355253
40 1240.357399 1692.967791
41 1150.967349 991.355532
42 276.038809 2982.548222
43 4935.950564 202.871225
44 1808.851646 3548.320787
45 3168.832785 2039.530299
46 4451.631897 1692.123773
47 1394.822256 286.135830
48 4839.406681 1393.354830
49 235.613546 3677.466764
50 2040.050330 429.346383
51 848.827138 768.853270
52 1687.325829 3538.892235
53 2555.347995 3834.913019
54 1495.261388 3512.813341
55 1767.095739 70.686970
56 829.835959 1480.427069
57 4263.461113 888.748188
58 1031.814861 2515.957421
59 1275.736052 3565.291909
60 1463.961860 3694.884542
61 4828.867739 3038.600525
62 1028.175852 2038.943653
63 721.314173 24.374321
64 3362.628010 3294.517446
65 4427.253230 302.073521
66 2598.980600 733.721219
67 3502.871204 174.479124
68 252.874509 2240.618571
69 2714.736200 3551.971029
70 3282.059399 2596.079226
71 2337.979426 2360.892933
72 3118.256435 3749.973402
73 4611.369056 3734.505080
74 2167.497171 3141.601631
75 4768.019193 2272.421506
76 806.344685 2558.740821
77 970.344904 23.242266
78 3120.665697 754.543809
79 3944.827042 631.884160

0 4205.612723 3871.356415
1 3222.264252 95.433374
2 2242.826782 2019.451211
3 4282.559862 1463.279500
4 4618.845184 3591.218174
5 4058.332090 3253.376921
6 3505.669112 3482.694328
7 1049.731303 3634.897880
8 4343.620619 2134.062444
9 44.461671 3860.894904
10 2029.435419 2568.160592
11 1553.331452 3012.012754
12 4447.574586 2485.179919
13 2813.650119 77.782761
14 521.338458 3183.592331
15 1445.029756 1151.769721
16 2060.370849 3662.890229
17 2693.570236 1041.226072
18 1813.246790 1526.978747
19 378.249777 1250.111809
20 1831.752971 491.949823
21 3383.915971 3815.918171
22 2907.027135 708.401559
23 3547.463152 1955.462881
24 2207.967513 1050.622183
25 3954.527611 1337.739858
26 4174.966583 2649.486515
27 3651.508865 3863.295111
28 394.135196 288.977520
29 2602.207304 2296.747678
30 3697.126722 2481.534751
31 517.273139 3759.209241
32 5353.243388 60.727248
33 4003.901909 195.489768
34 227.833154 2760.714342
35 4719.729591 529.106193
36 5192.977630 1396.429898
37 3902.293023 3706.818199
38 954.020846 3374.887886
39 1380.369671 1461.347077
40 1240.370857 1692.990881
41 1150.971569 991.354352
42 276.048186 2982.555278
43 4935.932059 202.870338
44 1808.852716 3548.317976
45 3168.851485 2039.539496
46 4451.631848 1692.123049
47 1394.822583 286.136427
48 4838.938164 1395.921751
49 235.540423 3677.448065
50 2040.050045 429.348593
51 848.826977 768.853225
52 1687.326811 3538.892817
53 2555.345961 3834.914042
54 1495.262661 3512.819162
55 1766.803795 70.666914
56 829.832665 1480.426385
57 4263.457458 888.750601
58 1031.811068 2516.045822
59 1275.735374 3565.291670
60 1463.959216 3694.890576
61 4828.867411 3038.599303
62 1027.986299 2039.033381
63 721.329031 24.422056
64 3362.630259 3294.517368
65 4427.250701 302.070029
66 2598.958496 733.632385
67 3502.871285 174.479560
68 252.875000 2240.617070
69 2714.715721 3551.960053
70 3282.073552 2596.061266
71 2337.971916 2360.884202
72 3118.256369 3749.972824
73 4611.368098 3734.503214
74 2167.475610 3141.609900
75 4768.021560 2272.439276
76 806.365163 2558.763357
77 970.334621 23.243556
78 3120.664428 754.544536
79 3944.655061 631.659781

0 4205.610629 3871.356177
1 3222.290081 95.450186
2 2242.827556 2019.449478
3 4282.561975 1463.279270
4 4618.843858 3591.219167
5 4058.338276 3253.376370
6 3505.670423 3482.695050
7 1049.731450 3634.899158
8 4343.620100 2134.064461
9 44.461572 3860.894612
10 2029.443407 2568.165246
11 1553.329560 3012.012497
12 4447.577404 2485.177601
13 2813.648775 77.784473
14 521.369865 3183.599031
15 1445.020930 1151.783989
16 2060.370697 3662.890280
17 2693.576450 1041.226322
18 1813.259062 1526.977372
19 378.249668 1250.112622
20 1831.752449 491.949642
21 3383.911923 3815.917602
22 2907.027656 708.401874
23 3547.462828 1955.462897
24 2207.980921 1050.621954
25 3954.527824 1337.740794
26 4175.358535 2649.505034
27 3651.507224 3863.294815
28 394.136647 288.977384
29 2602.223221 2296.752002
30 3697.127620 2481.537098
31 517.262899 3759.212459
32 5352.551617 60.728505
33 4003.901629 195.490905
34 227.827694 2760.713962
35 4720.387670 529.108204
36 5192.974668 1396.432111
37 3902.291444 3706.817919
38 954.026960 3374.885405
39 1380.341600 1461.324929
40 1240.407312 1693.053430
41 1150.982998 991.351155
42 276.073588 2982.574392
43 4935.881932 202.867937
44 1808.855614 3548.310362
45 3168.902139 2039.564411
46 4451.631717 1692.121087
47 1394.823469 286.138042
48 4837.669007 1402.875236
49 235.342341 3677.397414
50 2040.049272 429.354583
51 848.826540 768.853104
52 1687.329469 3538.894393
53 2555.340451 3834.916812
54 1495.266108 3512.834931
55 1766.012952 70.612584
56 829.823741 1480.424530
57 4263.447557 888.757137
58 1031.800792 2516.285292
59 1275.733539 3565.291023
60 1463.952054 3694.906923
61 4828.866522 3038.595994
62 1027.472823 2039.276443
63 721.369279 24.551365
64 3362.636351 3294.517158
65 4427.243850 302.060569
66 2598.898619 733.391745
67 3502.871503 174.480741
68 252.876329 2240.613007
69 2714.660244 3551.930319
70 3282.111892 2596.012615
71 2337.951575 2360.860552
72 3118.256189 3749.971257
73 4611.365503 3734.498161
74 2167.417205 3141.632299
75 4768.027973 2272.487414
76 806.420636 2558.824404
77 970.306768 23.247051
78 3120.660992 754.546503
79 3944.189187 631.051963

0 4205.611268 3871.356250
1 3222.282197 95.445055
2 2242.827320 2019.450007
3 4282.561330 1463.279340
4 4618.844263 3591.218864
5 4058.336388 3253.376538
6 3505.670023 3482.694830
7 1049.731405 3634.898768
8 4343.620258 2134.063845
9 44.461603 3860.894701
10 2029.440969 2568.163826
11 1553.330137 3012.012575
12 4447.576544 2485.178309
13 2813.649185 77.783951
14 521.360279 3183.596986
15 1445.023624 1151.779634
16 2060.370743 3662.890264
17 2693.574553 1041.226246
18 1813.255317 1526.977792
19 378.249702 1250.112374
20 1831.752608 491.949697
21 3383.913159 3815.917776
22 2907.027497 708.401778
23 3547.462927 1955.462892
24 2207.976829 1050.622024
25 3954.527759 1337.740508
26 4175.238904 2649.499382
27 3651.507725 3863.294905
28 394.136204 288.977425
29 2602.218363 2296.750682
30 3697.127346 2481.536382
31 517.266024 3759.211477
32 5352.762759 60.728121
33 4003.901714 195.490558
34 227.829360 2760.714078
35 4720.186811 529.107590
36 5192.975572 1396.431436
37 3902.291926 3706.818004
38 954.025094 3374.886163
39 1380.350168 1461.331689
40 1240.396185 1693.034338
41 1150.979510 991.352131
42 276.065834 2982.568558
43 4935.897232 202.868670
44 1808.854730 3548.312686
45 3168.886678 2039.556806
46 4451.631757 1692.121686
47 1394.823198 286.137549
48 4838.056379 1400.752895
49 235.402800 3677.412874
50 2040.049508 429.352755
51 848.826673 768.853141
52 1687.328657 3538.893912
53 2555.342133 3834.915966
54 1495.265056 3512.830118
55 1766.254333 70.629167
56 829.826464 1480.425096
57 4263.450579 888.755142
58 1031.803929 2516.212201
59 1275.734099 3565.291220
60 1463.954240 3694.901934
61 4828.866794 3038.597004
62 1027.629546 2039.202256
63 721.356994 24.511898
64 3362.634492 3294.517222
65 4427.245941 302.063456
66 2598.916894 733.465193
67 3502.871437 174.480380
68 252.875923 2240.614247
69 2714.677177 3551.939394
70 3282.100190 2596.027464
71 2337.957784 2360.867770
72 3118.256244 3749.971736
73 4611.366295 3734.499703
74 2167.435031 3141.625463
75 4768.026015 2272.472721
76 806.403704 2558.805771
77 970.315269 23.245985
78 3120.662041 754.545903
79 3944.331381 631.237481

0 4205.611253 3871.356248
1 3222.282389 95.445179
2 2242.827325 2019.449994
3 4282.561345 1463.279338
4 4618.844253 3591.218871
5 4058.336434 3253.376534
6 3505.670033 3482.694835
7 1049.731406 3634.898777
8 4343.620254 2134.063860
9 44.461602 3860.894699
10 2029.441028 2568.163860
11 1553.330123 3012.012574
12 4447.576565 2485.178292
13 2813.649175 77.783963
14 521.360512 3183.597036
15 1445.023558 1151.779740
16 2060.370742 3662.890265
17 2693.574599 1041.226247
18 1813.255408 1526.977782
19 378.249701 1250.112380
20 1831.752604 491.949696
21 3383.913129 3815.917772
22 2907.027501 708.401780
23 3547.462924 1955.462892
24 2207.976928 1050.622022
25 3954.527761 1337.740515
26 4175.241807 2649.499519
27 3651.507712 3863.294903
28 394.136215 288.977424
29 2602.218481 2296.750714
30 3697.127352 2481.536399
31 517.265948 3759.211501
32 5352.757634 60.728131
33 4003.901712 195.490566
34 227.829320 2760.714075
35 4720.191687 529.107605
36 5192.975550 1396.431452
37 3902.291914 3706.818002
38 954.025139 3374.886144
39 1380.349960 1461.331525
40 1240.396455 1693.034802
41 1150.979594 991.352107
42 276.066023 2982.568700
43 4935.896860 202.868652
44 1808.854751 3548.312629
45 3168.887053 2039.556991
46 4451.631756 1692.121671
47 1394.823205 286.137561
48 4838.046976 1400.804412
49 235.401332 3677.412498
50 2040.049502 429.352799
51 848.826670 768.853140
52 1687.328677 3538.893924
53 2555.342092 3834.915987
54 1495.265082 3512.830235
55 1766.248474 70.628764
56 829.826398 1480.425083
57 4263.450506 888.755190
58 1031.803853 2516.213976
59 1275.734086 3565.291216
60 1463.954187 3694.902055
61 4828.866787 3038.596980
62 1027.625742 2039.204057
63 721.357293 24.512856
64 3362.634537 3294.517221
65 4427.245890 302.063386
66 2598.916451 733.463411
67 3502.871438 174.480389
68 252.875933 2240.614217
69 2714.676766 3551.939174
70 3282.100474 2596.027104
71 2337.957633 2360.867595
72 3118.256242 3749.971724
73 4611.366276 3734.499666
74 2167.434599 3141.625629
75 4768.026063 2272.473078
76 806.404115 2558.806223
77 970.315063 23.246011
78 3120.662016 754.545917
79 3944.327929 631.232978

0 4205.610968 3871.356216
1 3222.285898 95.447464
2 2242.827430 2019.449758
3 4282.561632 1463.279307
4 4618.844073 3591.219006
5 4058.337274 3253.376459
6 3505.670211 3482.694933
7 1049.731426 3634.898951
8 4343.620184 2134.064134
9 44.461588 3860.894660
10 2029.442113 2568.164492
11 1553.329866 3012.012539
12 4447.576948 2485.177977
13 2813.648993 77.784196
14 521.364779 3183.597946
15 1445.022359 1151.781678
16 2060.370722 3662.890272
17 2693.575443 1041.226281
18 1813.257075 1526.977595
19 378.249686 1250.112491
20 1831.752533 491.949671
21 3383.912579 3815.917694
22 2907.027572 708.401823
23 3547.462880 1955.462895
24 2207.978750 1050.621991
25 3954.527790 1337.740643
26 4175.295062 2649.502035
27 3651.507489 3863.294863
28 394.136412 288.977406
29 2602.220643 2296.751302
30 3697.127474 2481.536718
31 517.264557 3759.211938
32 5352.663644 60.728302
33 4003.901674 195.490721
34 227.828578 2760.714023
35 4720.281099 529.107878
36 5192.975147 1396.431753
37 3902.291700 3706.817964
38 954.025970 3374.885807
39 1380.346146 1461.328516
40 1240.401408 1693.043300
41 1150.981147 991.351673
42 276.069474 2982.571297
43 4935.890050 202.868326
44 1808.855145 3548.311595
45 3168.893936 2039.560376
46 4451.631738 1692.121405
47 1394.823325 286.137780
48 4837.874537 1401.749177
49 235.374419 3677.405617
50 2040.049397 429.353613
51 848.826611 768.853124
52 1687.329038 3538.894138
53 2555.341344 3834.916363
54 1495.265550 3512.832377
55 1766.141023 70.621382
56 829.825186 1480.424831
57 4263.449160 888.756079
58 1031.802456 2516.246512
59 1275.733836 3565.291128
60 1463.953214 3694.904276
61 4828.866666 3038.596530
62 1027.555976 2039.237081
63 721.362761 24.530425
64 3362.635365 3294.517192
65 4427.244959 302.062101
66 2598.908315 733.430715
67 3502.871468 174.480550
68 252.876114 2240.613665
69 2714.669228 3551.935134
70 3282.105683 2596.020494
71 2337.954869 2360.864382
72 3118.256218 3749.971511
73 4611.365923 3734.498979
74 2167.426663 3141.628672
75 4768.026934 2272.479618
76 806.411652 2558.814518
77 970.311278 23.246485
78 3120.661549 754.546185
79 3944.264631 631.150394

0 4205.611055 3871.356226
1 3222.284830 95.446768
2 2242.827399 2019.449830
3 4282.561545 1463.279316
4 4618.844128 3591.218965
5 4058.337019 3253.376482
6 3505.670156 3482.694904
7 1049.731420 3634.898898
8 4343.620205 2134.064051
9 44.461593 3860.894672
10 2029.441783 2568.164300
11 1553.329945 3012.012549
12 4447.576832 2485.178072
13 2813.649048 77.784125
14 521.363480 3183.597669
15 1445.022724 1151.781088
16 2060.370728 3662.890270
17 2693.575186 1041.226271
18 1813.256568 1526.977652
19 378.249690 1250.112457
20 1831.752555 491.949679
21 3383.912746 3815.917718
22 2907.027550 708.401810
23 3547.462894 1955.462894
24 2207.978196 1050.622000
25 3954.527781 1337.740604
26 4175.278853 2649.501270
27 3651.507557 3863.294875
28 394.136352 288.977412
29 2602.219985 2296.751123
30 3697.127437 2481.536621
31 517.264981 3759.211805
32 5352.692251 60.728250
33 4003.901686 195.490674
34 227.828804 2760.714039
35 4720.253885 529.107795
36 5192.975270 1396.431661
37 3902.291765 3706.817976
38 954.025717 3374.885910
39 1380.347307 1461.329432
40 1240.399901 1693.040714
41 1150.980675 991.351805
42 276.068423 2982.570506
43 4935.892123 202.868425
44 1808.855025 3548.311910
45 3168.891841 2039.559346
46 4451.631744 1692.121486
47 1394.823288 286.137714
48 4837.927022 1401.461619
49 235.382610 3677.407711
50 2040.049429 429.353365
51 848.826629 768.853129
52 1687.328928 3538.894073
53 2555.341572 3834.916249
54 1495.265407 3512.831725
55 1766.173728 70.623629
56 829.825555 1480.424907
57 4263.449570 888.755808
58 1031.802881 2516.236609
59 1275.733912 3565.291155
60 1463.953510 3694.903600
61 4828.866703 3038.596667
62 1027.577210 2039.227029
63 721.361097 24.525077
64 3362.635113 3294.517201
65 4427.245243 302.062492
66 2598.910791 733.440667
67 3502.871459 174.480501
68 252.876059 2240.613833
69 2714.671522 3551.936364
70 3282.104097 2596.022506
71 2337.955710 2360.865360
72 3118.256225 3749.971576
73 4611.366030 3734.499188
74 2167.429078 3141.627746
75 4768.026669 2272.477628
76 806.409358 2558.811993
77 970.312430 23.246341
78 3120.661691 754.546103
79 3944.283897 631.175530

0 4205.611041 3871.356224
1 3222.285001 95.446879
2 2242.827404 2019.449819
3 4282.561559 1463.279315
4 4618.844119 3591.218972
5 4058.337059 3253.376478
6 3505.670165 3482.694908
7 1049.731421 3634.898907
8 4343.620202 2134.064064
9 44.461592 3860.894670
10 2029.441836 2568.164331
11 1553.329932 3012.012548
12 4447.576850 2485.178057
13 2813.649040 77.784136
14 521.363687 3183.597713
15 1445.022666 1151.781183
16 2060.370727 3662.890270
17 2693.575227 1041.226273
18 1813.256649 1526.977643
19 378.249690 1250.112462
20 1831.752551 491.949678
21 3383.912719 3815.917714
22 2907.027554 708.401812
23 3547.462892 1955.462894
24 2207.978284 1050.621999
25 3954.527782 1337.740610
26 4175.281442 2649.501392
27 3651.507546 3863.294873
28 394.136362 288.977411
29 2602.220090 2296.751151
30 3697.127443 2481.536637
31 517.264913 3759.211826
32 5352.687681 60.728258
33 4003.901684 195.490681
34 227.828768 2760.714037
35 4720.258233 529.107808
36 5192.975250 1396.431676
37 3902.291755 3706.817974
38 954.025757 3374.885893
39 1380.347121 1461.329286
40 1240.400142 1693.041127
41 1150.980750 991.351784
42 276.068591 2982.570633
43 4935.891791 202.868409
44 1808.855044 3548.311859
45 3168.892176 2039.559510
46 4451.631743 1692.121473
47 1394.823294 286.137724
48 4837.918637 1401.507560
49 235.381302 3677.407377
50 2040.049424 429.353405
51 848.826626 768.853128
52 1687.328946 3538.894083
53 2555.341535 3834.916267
54 1495.265430 3512.831829
55 1766.168503 70.623270
56 829.825496 1480.424895
57 4263.449504 888.755851
58 1031.802813 2516.238191
59 1275.733900 3565.291150
60 1463.953463 3694.903708
61 4828.866697 3038.596645
62 1027.573818 2039.228635
63 721.361363 24.525932
64 3362.635153 3294.517200
65 4427.245197 302.062430
66 2598.910396 733.439077
67 3502.871460 174.480509
68 252.876068 2240.613806
69 2714.671156 3551.936167
70 3282.104351 2596.022184
71 2337.955576 2360.865204
72 3118.256224 3749.971566
73 4611.366013 3734.499155
74 2167.428693 3141.627894
75 4768.026711 2272.477946
76 806.409725 2558.812396
77 970.312246 23.246364
78 3120.661668 754.546116
79 3944.280819 631.171515

0 4205.611040 3871.356224
1 3222.285013 95.446887
2 2242.827404 2019.449818
3 4282.561560 1463.279315
4 4618.844118 3591.218972
5 4058.337062 3253.376478
6 3505.670166 3482.694909
7 1049.731421 3634.898907
8 4343.620202 2134.064065
9 44.461592 3860.894670
10 2029.441839 2568.164333
11 1553.329931 3012.012547
12 4447.576851 2485.178056
13 2813.649039 77.784137
14 521.363702 3183.597716
15 1445.022662 1151.781189
16 2060.370727 3662.890270
17 2693.575230 1041.226273
18 1813.256654 1526.977642
19 378.249690 1250.112463
20 1831.752551 491.949678
21 3383.912717 3815.917714
22 2907.027554 708.401812
23 3547.462891 1955.462894
24 2207.978290 1050.621999
25 3954.527782 1337.740611
26 4175.281624 2649.501400
27 3651.507546 3863.294873
28 394.136363 288.977411
29 2602.220097 2296.751153
30 3697.127444 2481.536638
31 517.264908 3759.211828
32 5352.687360 60.728259
33 4003.901684 195.490682
34 227.828765 2760.714036
35 4720.258538 529.107809
36 5192.975249 1396.431677
37 3902.291754 3706.817974
38 954.025760 3374.885892
39 1380.347108 1461.329275
40 1240.400159 1693.041156
41 1150.980756 991.351783
42 276.068603 2982.570642
43 4935.891768 202.868408
44 1808.855046 3548.311856
45 3168.892199 2039.559522
46 4451.631743 1692.121472
47 1394.823295 286.137725
48 4837.918048 1401.510785
49 235.381210 3677.407353
50 2040.049424 429.353407
51 848.826626 768.853128
52 1687.328947 3538.894084
53 2555.341533 3834.916268
54 1495.265432 3512.831836
55 1766.168136 70.623245
56 829.825492 1480.424894
57 4263.449500 888.755854
58 1031.802809 2516.238302
59 1275.733899 3565.291150
60 1463.953460 3694.903715
61 4828.866697 3038.596643
62 1027.573580 2039.228748
63 721.361381 24.525992
64 3362.635156 3294.517199
65 4427.245194 302.062425
66 2598.910368 733.438965
67 3502.871460 174.480509
68 252.876068 2240.613804
69 2714.671130 3551.936153
70 3282.104369 2596.022162
71 2337.955566 2360.865193
72 3118.256224 3749.971565
73 4611.366012 3734.499153
74 2167.428665 3141.627904
75 4768.026714 2272.477968
76 806.409751 2558.812425
77 970.312233 23.246366
78 3120.661667 754.546117
79 3944.280603 631.171233

0 4205.611041 3871.356224
1 3222.285006 95.446883
2 2242.827404 2019.449818
3 4282.561560 1463.279315
4 4618.844119 3591.218972
5 4058.337061 3253.376478
6 3505.670165 3482.694908
7 1049.731421 3634.898907
8 4343.620202 2134.064065
9 44.461592 3860.894670
10 2029.441837 2568.164332
11 1553.329932 3012.012548
12 4447.576851 2485.178057
13 2813.649039 77.784137
14 521.363694 3183.597714
15 1445.022664 1151.781185
16 2060.370727 3662.890270
17 2693.575229 1041.226273
18 1813.256651 1526.977642
19 378.249690 1250.112462
20 1831.752551 491.949678
21 3383.912718 3815.917714
22 2907.027554 708.401812
23 3547.462892 1955.462894
24 2207.978287 1050.621999
25 3954.527782 1337.740610
26 4175.281524 2649.501396
27 3651.507546 3863.294873
28 394.136362 288.977411
29 2602.220093 2296.751152
30 3697.127443 2481.536637
31 517.264911 3759.211827
32 5352.687537 60.728258
33 4003.901684 195.490681
34 227.828767 2760.714036
35 4720.258370 529.107809
36 5192.975250 1396.431677
37 3902.291754 3706.817974
38 954.025759 3374.885893
39 1380.347115 1461.329281
40 1240.400149 1693.041140
41 1150.980753 991.351783
42 276.068597 2982.570637
43 4935.891781 202.868409
44 1808.855045 3548.311858
45 3168.892186 2039.559515
46 4451.631743 1692.121473
47 1394.823294 286.137725
48 4837.918373 1401.509007
49 235.381261 3677.407366
50 2040.049424 429.353406
51 848.826626 768.853128
52 1687.328946 3538.894083
53 2555.341534 3834.916268
54 1495.265431 3512.831832
55 1766.168338 70.623259
56 829.825494 1480.424895
57 4263.449502 888.755853
58 1031.802811 2516.238241
59 1275.733900 3565.291150
60 1463.953461 3694.903711
61 4828.866697 3038.596644
62 1027.573711 2039.228686
63 721.361371 24.525958
64 3362.635154 3294.517199
65 4427.245196 302.062428
66 2598.910383 733.439027
67 3502.871460 174.480509
68 252.876068 2240.613805
69 2714.671144 3551.936161
70 3282.104359 2596.022174
71 2337.955572 2360.865199
72 3118.256224 3749.971565
73 4611.366013 3734.499154
74 2167.428680 3141.627898
75 4768.026713 2272.477956
76 806.409736 2558.812409
77 970.312240 23.246365
78 3120.661667 754.546117
79 3944.280722 631.171388

0 4205.611041 3871.356224
1 3222.285007 95.446884
2 2242.827404 2019.449818
3 4282.561560 1463.279315
4 4618.844119 3591.218972
5 4058.337061 3253.376478
6 3505.670165 3482.694908
7 1049.731421 3634.898907
8 4343.620202 2134.064065
9 44.461592 3860.894670
10 2029.441838 2568.164332
11 1553.329932 3012.012548
12 4447.576851 2485.178057
13 2813.649039 77.784137
14 521.363695 3183.597715
15 1445.022664 1151.781186
16 2060.370727 3662.890270
17 2693.575229 1041.226273
18 1813.256652 1526.977642
19 378.249690 1250.112462
20 1831.752551 491.949678
21 3383.912718 3815.917714
22 2907.027554 708.401812
23 3547.462892 1955.462894
24 2207.978287 1050.621999
25 3954.527782 1337.740610
26 4175.281536 2649.501396
27 3651.507546 3863.294873
28 394.136362 288.977411
29 2602.220094 2296.751152
30 3697.127443 2481.536637
31 517.264910 3759.211827
32 5352.687515 60.728258
33 4003.901684 195.490681
34 227.828766 2760.714036
35 4720.258390 529.107809
36 5192.975250 1396.431677
37 3902.291754 3706.817974
38 954.025759 3374.885893
39 1380.347115 1461.329280
40 1240.400150 1693.041142
41 1150.980753 991.351783
42 276.068597 2982.570637
43 4935.891779 202.868408
44 1808.855045 3548.311858
45 3168.892188 2039.559516
46 4451.631743 1692.121473
47 1394.823295 286.137725
48 4837.918333 1401.509225
49 235.381254 3677.407364
50 2040.049424 429.353406
51 848.826626 768.853128
52 1687.328946 3538.894083
53 2555.341534 3834.916268
54 1495.265431 3512.831833
55 1766.168313 70.623257
56 829.825494 1480.424895
57 4263.449502 888.755853
58 1031.802811 2516.238249
59 1275.733900 3565.291150
60 1463.953461 3694.903712
61 4828.866697 3038.596644
62 1027.573695 2039.228694
63 721.361372 24.525963
64 3362.635154 3294.517199
65 4427.245196 302.062427
66 2598.910381 733.439019
67 3502.871460 174.480509
68 252.876068 2240.613805
69 2714.671143 3551.936160
70 3282.104360 2596.022173
71 2337.955571 2360.865198
72 3118.256224 3749.971565
73 4611.366013 3734.499154
74 2167.428679 3141.627899
75 4768.026713 2272.477957
76 806.409738 2558.812411
77 970.312240 23.246365
78 3120.661667 754.546117
79 3944.280708 631.171369

0 4205.611040 3871.356224
1 3222.285007 95.446884
2 2242.827404 2019.449818
3 4282.561560 1463.279315
4 4618.844119 3591.218972
5 4058.337061 3253.376478
6 3505.670165 3482.694909
7 1049.731421 3634.898907
8 4343.620202 2134.064065
9 44.461592 3860.894670
10 2029.441838 2568.164332
11 1553.329932 3012.012548
12 4447.576851 2485.178057
13 2813.649039 77.784137
14 521.363696 3183.597715
15 1445.022664 1151.781186
16 2060.370727 3662.890270
17 2693.575229 1041.226273
18 1813.256652 1526.977642
19 378.249690 1250.112463
20 1831.752551 491.949678
21 3383.912718 3815.917714
22 2907.027554 708.401812
23 3547.462891 1955.462894
24 2207.978288 1050.621999
25 3954.527782 1337.740610
26 4175.281544 2649.501397
27 3651.507546 3863.294873
28 394.136362 288.977411
29 2602.220094 2296.751152
30 3697.127443 2481.536637
31 517.264910 3759.211827
32 5352.687502 60.728258
33 4003.901684 195.490681
34 227.828766 2760.714036
35 4720.258403 529.107809
36 5192.975250 1396.431677
37 3902.291754 3706.817974
38 954.025759 3374.885893
39 1380.347114 1461.329280
40 1240.400151 1693.041143
41 1150.980753 991.351783
42 276.068598 2982.570638
43 4935.891778 202.868408
44 1808.855045 3548.311857
45 3168.892189 2039.559517
46 4451.631743 1692.121473
47 1394.823295 286.137725
48 4837.918308 1401.509362
49 235.381250 3677.407363
50 2040.049424 429.353406
51 848.826626 768.853128
52 1687.328946 3538.894083
53 2555.341534 3834.916268
54 1495.265431 3512.831833
55 1766.168298 70.623256
56 829.825494 1480.424895
57 4263.449502 888.755853
58 1031.802811 2516.238253
59 1275.733900 3565.291150
60 1463.953461 3694.903712
61 4828.866697 3038.596644
62 1027.573685 2039.228698
63 721.361373 24.525965
64 3362.635154 3294.517199
65 4427.245196 302.062427
66 2598.910380 733.439014
67 3502.871460 174.480509
68 252.876068 2240.613805
69 2714.671142 3551.936160
70 3282.104361 2596.022172
71 2337.955571 2360.865197
72 3118.256224 3749.971565
73 4611.366013 3734.499154
74 2167.428677 3141.627899
75 4768.026713 2272.477958
76 806.409739 2558.812412
77 970.312239 23.246365
78 3120.661667 754.546117
79 3944.280699 631.171357

0 4205.611040 3871.356224
1 3222.285008 95.446884
2 2242.827404 2019.449818
3 4282.561560 1463.279315
4 4618.844119 3591.218972
5 4058.337061 3253.376478
6 3505.670166 3482.694909
7 1049.731421 3634.898907
8 4343.620202 2134.064065
9 44.461592 3860.894670
10 2029.441838 2568.164332
11 1553.329931 3012.012548
12 4447.576851 2485.178057
13 2813.649039 77.784137
14 521.363696 3183.597715
15 1445.022663 1151.781187
16 2060.370727 3662.890270
17 2693.575229 1041.226273
18 1813.256652 1526.977642
19 378.249690 1250.112463
20 1831.752551 491.949678
21 3383.912718 3815.917714
22 2907.027554 708.401812
23 3547.462891 1955.462894
24 2207.978288 1050.621999
25 3954.527782 1337.740610
26 4175.281555 2649.501397
27 3651.507546 3863.294873
28 394.136362 288.977411
29 2602.220095 2296.751153
30 3697.127443 2481.536637
31 517.264910 3759.211827
32 5352.687483 60.728258
33 4003.901684 195.490681
34 227.828766 2760.714036
35 4720.258422 529.107809
36 5192.975250 1396.431677
37 3902.291754 3706.817974
38 954.025759 3374.885893
39 1380.347113 1461.329279
40 1240.400152 1693.041145
41 1150.980754 991.351783
42 276.068599 2982.570638
43 4935.891777 202.868408
44 1808.855045 3548.311857
45 3168.892190 2039.559517
46 4451.631743 1692.121473
47 1394.823295 286.137725
48 4837.918273 1401.509554
49 235.381245 3677.407362
50 2040.049424 429.353406
51 848.826626 768.853128
52 1687.328947 3538.894084
53 2555.341534 3834.916268
54 1495.265431 3512.831834
55 1766.168276 70.623255
56 829.825493 1480.424895
57 4263.449502 888.755853
58 1031.802811 2516.238260
59 1275.733900 3565.291150
60 1463.953461 3694.903713
61 4828.866697 3038.596644
62 1027.573671 2039.228705
63 721.361374 24.525969
64 3362.635155 3294.517199
65 4427.245195 302.062427
66 2598.910379 733.439008
67 3502.871460 174.480509
68 252.876068 2240.613805
69 2714.671140 3551.936159
70 3282.104362 2596.022170
71 2337.955570 2360.865197
72 3118.256224 3749.971565
73 4611.366013 3734.499153
74 2167.428676 3141.627900
75 4768.026713 2272.477960
76 806.409741 2558.812414
77 970.312238 23.246365
78 3120.661667 754.546117
79 3944.280686 631.171340

