94.038102
94.038257
94.038338
94.038420
94.335177
94.335177
94.335177
94.335177
94.335177
94.335177
94.335177
94.335177
94.335177
94.335177
94.335177
94.335177
94.335177
94.335177
94.335177
94.335177
94.335177
94.335177
94.335177
94.335177
94.335177
94.335177
94.335177
94.335177
94.335177
94.335177
94.335177
94.335177
94.335177
94.335177
94.335177
94.335177
94.335177
94.335177
94.335177
94.335177
94.335177
94.335177
94.335177
94.412405
94.412405
94.946497
94.946497
94.946497
94.946497
94.946497
