15.612196
15.469367
15.183722
17.110104
16.531985
16.733121
16.285505
16.503901
17.215783
15.727785

14.934308
14.107995
15.081246
13.821700
14.693783
14.627654
15.825120
14.818355
14.682951
14.851116

15.232408
14.937438
15.674249
14.754290
16.935962
15.357082
16.449293
16.312130
15.586586
15.269522

14.936151
13.990424
14.389684
14.356065
14.048260
14.624910
14.079567
14.423950
13.772012
14.089255

14.488646
15.071374
15.213343
14.917979
15.071952
14.775319
14.900538
14.268578
15.418042
16.546189

14.945447
14.297027
14.819958
14.583473
14.233069
14.394362
14.901514
15.367604
14.076341
13.700254

14.486964
15.174192
14.318671
14.219878
14.420580
15.386068
15.069611
15.085352
14.746602
14.678781

14.492511
13.720957
15.092721
14.298520
14.511529
13.972322
14.594026
14.397247
14.357352
14.187225

14.926597
15.298565
14.928405
14.065887
14.629311
14.246250
14.478482
14.759598
14.040275
13.718517

14.249760
14.570925
14.687425
14.541305
13.999398
14.549290
14.178297
14.769152
14.677317
14.160840

14.923867
15.231851
14.370623
14.134084
13.808453
14.326862
14.642163
13.730278
14.411845
13.944349

14.435570
14.002651
14.309768
14.366496
14.647253
14.074828
14.580800
14.768138
13.765435
14.557621

15.447433
16.549326
15.572436
14.283222
14.628547
15.076218
14.877134
14.695168
14.335791
13.898993

14.631576
14.487083
14.361892
13.846144
14.410285
13.271226
14.812113
14.916370
14.821740
13.734761

14.830947
14.772681
14.653759
13.526776
14.537743
14.484888
14.997917
14.725412
14.851810
14.681005

14.093127
14.240128
14.742479
14.088199
13.919203
15.673971
14.456671
13.988617
14.485098
14.484264

15.369935
14.279441
14.825036
14.595178
14.367719
14.290507
14.550882
14.975403
14.768863
13.674733

14.401823
14.127731
14.678920
15.878849
15.380934
14.833159
14.614252
13.894571
14.401080
13.827024

15.116665
13.961709
14.028049
15.014680
14.947502
14.820880
14.183810
13.682189
15.412973
14.050053

15.219885
14.041810
14.300657
15.270537
15.330001
14.704695
15.167420
14.556706
16.224221
13.767565

15.193181
13.960800
14.911105
15.365288
14.547273
14.436721
13.919173
14.546143
14.308614
14.326699

13.974097
14.909332
13.938489
15.412809
14.356374
15.156308
14.745735
14.388526
13.915591
14.428905

15.183864
15.077828
14.592349
14.242806
14.258680
14.712142
15.023722
15.097185
14.547970
14.534504

14.916186
14.529282
14.663234
14.830551
14.553870
14.574810
14.084252
14.045913
15.257551
14.270961

14.908797
14.330111
13.859485
14.630602
14.122315
14.792935
14.932484
14.167581
14.374562
14.866523

14.485679
14.447606
14.783267
14.013156
15.079552
15.510857
14.462394
14.365071
14.496294
14.391028

14.499702
14.008292
14.621772
14.556911
14.153963
14.303081
14.734192
15.193863
13.686071
14.197489

14.757212
14.530300
14.060808
14.443794
14.460491
15.031056
13.777644
15.019857
15.019511
14.827768

14.411059
14.910902
14.221632
14.504494
14.089678
14.640373
14.780460
14.685743
14.158484
14.930684

14.212096
13.943952
14.598461
14.792227
14.665777
14.199252
14.409648
15.344061
14.795649
13.853481

14.024011
14.496208
14.358725
14.905084
15.791999
14.889843
15.008052
14.758560
14.812811
14.992275

14.268213
15.607986
14.455673
15.752106
14.616962
14.451050
15.035435
14.379164
13.733581
14.220272

14.724924
13.917026
15.036561
14.912034
13.992912
14.748430
14.543510
14.626232
13.612017
14.376831

14.786422
14.533644
15.123390
14.063917
15.119324
14.753048
14.419680
14.486181
14.630210
14.121230

15.174215
15.051262
15.344846
14.075231
14.132099
14.054789
14.970893
14.115621
13.947288
14.859689

14.897026
13.820509
14.498538
14.271950
14.128971
14.761223
15.766955
14.748495
13.965806
14.518786

14.709331
14.574024
14.670834
14.782687
14.729237
14.357328
14.589145
14.364726
14.368613
13.991994

15.165605
14.457683
15.178271
14.283849
14.511201
14.230163
14.794239
14.109748
13.997211
15.101718

15.466510
14.929275
13.911818
14.299100
13.729675
14.399530
14.950115
13.854198
14.382738
14.462728

14.585536
14.891755
15.461474
13.864903
14.799898
16.200458
14.106914
14.825289
14.562619
14.412402

13.721100
14.105695
14.704850
14.987622
15.655669
15.619112
14.285110
14.523860
13.587630
14.575400

14.219884
14.662985
14.289083
13.749728
13.616638
14.928875
14.128936
14.906837
14.068782
13.945647

14.802810
14.283766
14.019809
14.286734
14.037791
14.317301
15.099537
13.733232
13.683033
14.912743

14.353962
15.462530
14.168149
14.183963
14.564906
14.306144
14.879824
14.845325
14.020683
14.186897

15.220297
14.856590
14.346361
13.776412
14.277233
14.819510
13.449610
15.248483
13.879288
13.563441

13.645707
14.418862
13.790160
14.137688
14.777658
14.782325
14.572794
14.319780
13.617347
14.975473

14.760191
14.596573
14.695030
14.647321
14.169657
14.113698
13.942562
13.864289
14.124706
14.005339

14.139814
14.528936
15.082746
14.980883
15.454550
14.313792
13.834805
15.582269
13.762742
14.854357

14.513929
15.123573
14.653928
13.790162
14.071054
14.446904
15.500386
14.582744
13.575817
13.888805

14.370625
14.441225
14.769964
14.504184
14.830305
15.039076
14.637472
14.254429
14.299521
14.781607

14.557965
14.483293
14.549403
14.308269
15.446520
14.120126
15.087770
14.649847
13.651345
15.402297

14.926347
14.856349
14.233807
14.154038
14.332593
14.745563
14.441998
14.757385
14.466415
14.099486

14.060475
14.832462
14.335603
14.080342
14.938016
14.419339
14.442340
14.957094
13.907498
14.482137

14.766675
14.912610
14.419284
14.559126
13.992316
14.059801
15.010088
14.330039
13.770984
14.492766

14.327963
15.049581
13.602811
13.730164
14.925650
15.175316
14.206856
14.684792
13.577721
14.407031

14.714827
15.128298
14.272649
14.032188
14.784145
13.856262
14.267376
14.622548
14.177844
14.150983

14.686140
16.155239
14.111643
15.374742
14.294433
15.150328
14.367082
14.835348
14.834741
14.345700

15.056103
14.690272
14.964193
15.521407
14.565343
15.391243
14.480178
14.980223
14.226205
14.751277

15.111281
14.496317
15.213519
15.152286
14.621397
14.538787
14.879684
14.848877
14.140512
13.841581

14.358959
14.691529
14.316512
14.218081
14.639884
14.243639
14.507002
14.152535
14.209822
15.326076

14.700554
14.376448
13.818127
14.669956
14.165268
13.380355
14.650569
14.544948
13.682547
14.377572

14.708115
14.811344
14.464730
14.154934
14.649509
14.768674
14.408053
14.125844
13.658712
15.637152

13.980483
13.855258
13.648845
14.399825
13.993133
14.363389
14.416111
14.721986
14.210265
15.056327

14.462778
15.218666
14.197331
14.362578
14.821745
14.165529
14.282521
15.445684
14.501471
14.036142

13.943421
13.763959
14.019590
13.916144
15.478631
15.037334
13.932326
14.079905
13.883828
14.975386

14.460082
15.350366
15.244315
14.738147
14.188560
13.836721
14.791806
14.329145
13.668727
14.095897

14.415720
14.517689
13.720850
14.049150
14.432881
14.158083
13.800617
13.947475
14.479805
13.906348

15.017925
14.486142
14.543261
14.764225
13.913230
15.016231
14.839422
14.038102
14.007452
14.133275

14.348724
14.776196
14.794701
14.025834
14.345267
14.329264
14.462406
14.051122
14.569293
14.247513

13.436104
14.415779
14.447129
14.261001
14.223902
15.111734
13.795355
13.579769
13.854968
13.908388

15.636638
14.278479
14.241241
13.974788
14.840702
14.143000
14.527738
15.052827
14.253786
15.324229

14.209175
14.220473
15.204591
14.055447
14.601310
14.188002
13.853264
14.605711
14.184816
13.908851

15.035358
14.513134
14.860944
15.137042
14.626021
15.803790
15.265489
13.993007
14.308799
14.748403

15.207442
14.643609
14.575442
14.642044
13.570158
14.807559
13.608300
14.676679
14.500728
13.962419

14.625753
14.488133
14.265415
15.356848
14.260194
14.780460
14.207105
14.672313
13.709069
14.762594

13.860345
16.128168
14.049562
14.048287
14.317953
14.092430
14.161637
14.475587
14.116006
15.004205

14.815932
14.927605
14.923850
13.687851
14.717370
13.677778
14.153896
14.706002
14.430980
14.624376

13.999444
15.429656
14.701554
13.724078
15.411371
14.479917
14.088030
14.301164
14.540260
14.705127

14.521915
14.899458
13.877230
13.947136
14.815378
14.514983
14.182433
14.757708
13.939634
14.404198

14.838490
14.692029
14.413716
14.124485
15.166838
14.815397
14.136066
14.798867
14.120870
13.775138

14.227945
14.318420
14.354875
15.000873
14.990107
14.938365
14.808534
15.326930
14.137904
13.486380

14.214541
14.992432
13.942975
14.079092
14.197516
14.694147
14.571217
13.585975
15.447959
14.440710

14.495721
14.678768
13.486924
14.313304
15.182196
14.016891
14.063021
14.739323
14.362357
14.382571

14.383401
14.918783
14.440112
14.080703
14.522939
14.165508
14.934222
14.148250
14.168414
14.246653

14.017364
14.191447
13.888107
14.597743
14.401797
14.081740
14.181753
14.634491
14.353200
14.376010

14.346066
15.522420
15.072211
14.324163
14.441603
13.612641
15.150352
14.918189
14.387717
14.652527

14.427065
14.335510
14.503729
15.065702
14.897385
14.528270
15.029238
14.867010
14.822147
15.300246

14.561187
15.106769
14.403989
13.741787
14.357267
14.070781
15.054774
14.567091
13.643300
14.235571

14.271111
14.055428
14.856365
15.032201
14.389606
15.159339
14.813005
14.807941
14.005576
14.737863

14.905662
14.928374
13.990441
15.148057
14.421597
15.183527
15.162317
14.853760
13.777032
14.574400

15.641234
14.926298
14.921852
14.851037
14.485372
14.699415
14.577027
14.098065
15.283684
14.544926

14.694564
14.236281
14.125882
14.532817
14.762483
13.852448
14.167602
14.094608
14.807386
14.497181

14.412286
13.549032
14.859957
14.746524
14.418087
14.339331
14.176069
14.359407
13.490935
14.678460

14.734156
14.742148
13.966765
14.293296
15.238314
15.037230
14.253670
14.274995
14.359840
14.589698

15.184761
15.046188
14.712958
14.358618
14.624229
14.369871
14.478772
13.691027
14.759972
14.252757

13.793812
15.333715
14.055201
14.584687
14.551216
14.048383
14.549365
13.906347
13.881483
14.783344

14.862133
14.873544
14.243052
15.242833
14.630350
14.166170
14.028478
13.950048
14.896483
15.317980

14.646320
13.993058
14.260556
15.004518
14.977594
15.166729
14.471363
14.321401
14.059322
14.781391

14.859248
13.843256
14.437703
14.918416
14.652919
14.914851
15.050116
13.949495
14.985481
14.895613

14.121242
14.843149
14.740705
15.203878
14.959772
14.815732
14.150736
14.771949
13.377176
13.931578

14.912399
14.789614
14.303030
14.038424
14.285573
15.060586
14.580388
15.001543
14.257846
14.119628

14.336082
13.700318
13.799723
14.419790
15.395582
14.608668
14.954403
13.483713
13.677173
14.904579

14.358526
14.252505
14.923968
14.845114
14.711304
14.693290
15.248969
14.713646
14.527971
13.574686

14.862815
14.129523
15.019786
14.741498
14.516757
14.806477
14.303837
14.393922
14.167739
15.169738

13.975672
14.115436
14.768960
14.722005
14.861900
14.948750
14.582855
13.963182
14.633018
14.223168

15.183409
14.463469
14.630545
14.541830
14.601896
13.878030
14.140185
14.106854
14.167604
14.119845

14.363801
14.003082
14.069276
15.038282
14.463834
14.106814
14.413082
14.187835
13.912060
14.173502

14.753555
15.283935
14.432273
14.665158
15.676058
14.368656
14.929965
14.927617
14.994778
14.856310

14.957893
14.386161
13.948205
15.057993
14.633618
14.306493
14.665343
14.505678
14.765799
14.972970

14.506815
13.935365
14.463819
14.028457
14.153213
14.405442
15.777073
14.430348
14.645435
14.062568

14.464752
14.084788
13.631777
14.211121
14.448926
14.262241
13.721633
15.202015
14.009807
14.629653

14.514410
14.596414
14.872246
14.512658
14.614727
14.290062
14.659491
14.681819
15.002700
13.656429

14.394244
14.281094
15.029410
14.515985
15.142218
14.318740
13.581590
14.145298
14.862487
14.474733

14.334417
14.619835
14.299865
15.063300
14.133958
14.044559
14.657093
13.999851
14.411770
13.823123

14.665575
14.332954
13.939539
14.463214
15.212530
14.973702
14.998607
14.405152
14.202436
14.457370

14.447809
13.624452
13.761317
14.370105
15.248638
14.479331
15.039826
14.014947
15.138428
14.561114

14.407957
15.053304
14.005885
13.782267
14.414997
14.495970
14.597670
13.900605
14.141138
14.968149

14.448912
14.145714
15.080547
14.643821
14.374389
14.313051
14.218727
14.397819
13.932023
14.230134

15.165129
14.479828
14.454055
13.568787
14.797721
15.529129
14.039795
14.813846
13.967806
14.317809

14.886640
14.408782
15.294681
14.979549
14.130041
13.980194
14.788352
14.266619
13.830350
13.981515

13.910591
14.058083
14.640483
13.623386
14.492117
14.729207
14.508817
14.933485
13.954174
14.165208

14.842962
14.372239
14.772244
14.666436
14.508664
13.783571
14.419289
14.429599
13.986752
13.801901

13.786944
14.083721
14.165716
15.421859
13.756658
14.070549
14.310042
14.897107
14.305555
14.912249

14.475557
14.082664
14.443972
14.222215
14.142123
14.502902
14.493527
14.980943
14.149866
14.239529

14.771014
13.839930
14.334240
15.461176
14.056262
13.819932
14.357651
14.742237
14.025995
15.140367

14.190329
14.541410
14.977358
14.252939
15.079766
14.593313
15.087977
14.104851
14.172334
13.723684

13.848407
13.958759
14.348357
14.952828
14.732172
14.585669
14.214573
14.302289
14.574738
13.335141

15.035697
14.897772
13.653445
13.460611
14.359275
13.878680
14.110222
14.413539
14.906597
14.292948

14.309938
14.336581
14.956014
14.005368
14.455421
14.206399
14.793930
15.306518
14.253897
14.839978

14.533757
14.367971
14.691270
14.426756
14.330746
14.628250
13.486968
14.770409
14.163806
13.723916

13.990306
14.081107
14.875329
14.679245
13.776143
14.202911
15.328855
14.785211
14.209568
15.230362

14.207202
14.976535
14.754041
14.514130
14.177652
15.069839
14.032701
14.596564
14.983731
14.308581

14.710218
14.553440
14.958520
14.772135
15.722604
13.445801
14.662074
14.501561
13.362934
15.042252

14.452529
14.342773
14.208231
14.559123
14.154287
15.117128
14.804892
14.227427
13.750844
14.639407

14.645809
14.422746
13.845870
14.202899
14.996528
14.440664
15.128682
14.261711
14.437880
14.691036

14.412656
14.395851
14.602841
14.655186
14.334433
14.221118
14.362658
14.652236
14.190884
14.992379

14.817775
14.887269
15.482674
14.002121
14.593182
14.376357
14.280002
14.192434
14.712248
14.512343

13.914097
14.231275
14.560113
14.739209
14.994687
14.200117
13.856980
14.616516
14.378702
14.536491

13.882835
13.931307
14.300976
14.231134
14.642116
13.508383
13.994289
13.922886
14.670577
14.963985

14.073443
13.657252
15.033199
14.495990
14.507282
14.550158
14.090341
15.167471
13.789276
14.450740

13.870469
14.879785
14.451549
14.664337
14.488373
14.490290
13.609190
14.567561
14.968554
14.285773

14.266203
14.001190
14.201578
14.509084
14.168387
14.458747
14.198858
14.171761
13.987141
13.953028

14.524903
13.953608
14.560995
14.251800
14.859169
14.016479
14.073510
14.940985
14.368717
13.855187

13.998053
15.172555
14.370971
14.789497
14.453214
14.703118
14.257871
14.585794
14.777424
14.852601

14.386213
14.435655
15.125112
14.255090
15.037854
14.172611
14.319337
14.550304
13.849283
15.115614

14.421147
14.111615
14.477662
15.196225
15.315470
14.485968
14.728408
14.835676
13.730083
14.033828

14.625584
14.472186
14.454133
14.102918
14.418251
14.386384
14.307861
14.762459
13.630919
13.658948

14.072352
14.069544
14.140213
14.614199
14.330364
14.208005
14.559212
13.648591
13.385071
13.414050

14.760087
14.276862
14.547668
13.482977
14.492763
13.994299
14.974883
14.214170
14.598914
14.176073

15.270388
14.200294
14.288111
14.821953
13.708136
14.627366
14.846400
14.603042
13.648632
14.246604

14.347784
14.103215
15.556397
14.033022
14.707588
14.137713
14.149404
14.083861
14.115917
14.155605

14.491921
15.533142
14.438987
14.982928
14.368174
14.445809
15.096860
14.301381
13.668290
14.918907

14.132792
14.562997
14.522945
14.320528
14.518472
14.800158
14.461936
14.780746
14.030360
14.909704

14.381153
14.863461
14.080621
14.473563
14.276003
14.847563
15.298460
13.819166
14.552760
14.135351

13.946831
13.806719
15.444431
14.539459
15.135927
14.651235
14.172665
14.852078
14.558168
14.311788

14.117422
14.323245
14.340428
14.029921
14.771398
14.904757
15.017353
14.172032
13.761801
14.205441

14.451418
14.455121
13.625677
14.408556
14.585482
14.100324
13.623446
13.971644
14.745112
14.681297

15.112729
14.281583
14.192461
15.233602
14.686697
14.219135
14.897551
14.953662
14.936152
14.159660

14.325568
14.196447
14.248833
14.057359
14.690343
14.318590
14.230081
15.117288
13.946417
14.168705

15.031968
14.645234
14.978447
14.929420
13.932938
14.576396
15.145936
13.935006
14.552833
14.903999

13.785319
15.482862
14.591087
14.917071
14.512421
14.497080
13.884778
14.287819
14.270082
14.044087

15.375226
14.861507
15.173868
14.523126
14.620744
14.756395
14.681245
15.290489
14.363251
15.013482

14.883591
15.004523
14.027454
14.544245
13.836013
14.980043
15.028687
15.171704
14.211340
13.933387

13.861942
15.335791
14.294208
14.637046
14.184630
14.934074
14.434377
14.767246
13.934628
15.097310

14.364807
15.272718
14.949003
14.621003
14.402763
13.990760
14.294627
14.602686
13.948652
14.059931

14.252821
14.652260
13.529604
14.302624
14.712156
14.682105
14.779854
14.742250
13.942502
13.878431

14.204329
15.296554
14.323911
14.556730
14.258567
14.289714
14.777116
14.277492
14.160872
14.192403

14.248223
14.118870
14.719230
14.696565
14.816419
14.930834
14.681758
14.406304
14.557675
15.017216

14.769135
14.569765
13.947579
13.745957
13.933059
14.222563
14.730239
14.874053
13.976821
14.845546

14.068891
14.792158
14.402839
14.168355
15.191984
14.771309
14.324920
13.526873
14.151208
14.618766

15.079086
14.406271
14.009223
14.358760
14.214394
13.837667
14.408072
14.255318
14.634153
15.020984

14.953616
13.824019
15.589270
14.312755
14.442044
14.680526
14.607197
14.608356
14.790114
14.613255

14.929381
13.994112
14.204286
13.989404
14.179481
13.904053
14.719570
13.921710
13.976731
14.625925

14.526848
14.367677
13.992084
14.717067
15.148925
14.606649
14.046246
14.989198
14.380194
14.527701

14.909282
14.072633
15.098725
14.320027
13.944309
13.557790
14.250606
14.260919
14.375842
14.782395

14.216844
15.091630
15.455022
14.699909
14.275366
14.637239
14.095255
14.167234
13.744960
14.918342

14.350813
14.376494
15.242142
13.659502
14.394793
14.125772
14.233957
14.613146
14.590332
15.357472

14.538092
14.989469
14.442490
14.014898
14.027564
14.105832
14.924367
15.046483
14.265501
15.092136

14.349058
13.563474
15.148774
13.897193
14.330679
14.846806
14.427335
13.724748
13.825691
14.711446

15.115347
15.745726
14.321847
14.425187
14.229272
14.455928
14.296547
15.427992
14.374830
14.951972

15.184072
14.299394
14.358762
14.308602
13.997336
14.707661
14.339775
14.395103
13.909678
14.834320

14.914538
14.290790
14.785042
14.399502
13.100620
14.547746
13.900054
14.932467
14.343409
14.481882

13.909384
14.865150
14.305476
15.556464
14.180919
15.071567
14.845510
14.234373
13.593438
15.468081

15.429011
14.935531
13.965654
13.850881
14.618105
15.201028
14.932156
15.085926
13.622848
14.648516

14.320326
14.444951
14.817888
14.613527
15.530227
14.394384
14.050218
13.740404
14.467974
15.237523

14.419773
13.690179
14.368902
14.289997
13.940923
14.680096
14.885376
15.112807
14.078569
14.691140

14.165930
14.413508
14.676521
14.242406
14.150012
14.751488
14.391860
15.135540
13.740976
14.130547

14.029071
15.252698
14.965970
14.527284
15.084010
14.515134
14.662722
14.259906
14.446455
13.774552

14.543943
15.097868
14.519461
15.186521
14.407890
14.135836
14.695966
15.467412
14.277134
14.529946

14.275767
14.792502
14.589514
14.123753
15.626694
14.275934
14.641282
13.922093
14.109988
14.553955

14.670305
13.861476
14.628681
14.381873
14.922327
14.072731
13.754413
14.582551
14.375115
14.198692

14.450526
14.058103
14.293539
14.797386
13.970640
15.578708
14.300455
14.363989
14.317551
14.812361

15.162693
15.017682
14.192165
14.622004
14.564879
14.630199
14.841347
14.651043
15.229962
14.726447

13.628922
14.999573
14.653677
14.732290
14.983742
14.187547
14.178978
14.970076
14.217575
14.231189

15.080378
14.368291
15.366767
14.634686
14.573217
14.579997
13.908834
14.358158
14.755030
15.598677

14.787010
14.769356
14.820247
14.479148
14.535143
15.011753
14.671070
13.898503
14.509819
15.310636

14.979728
14.856350
13.988988
14.215136
14.715904
13.573195
14.491474
14.275573
13.824366
14.703975

14.036768
14.660853
15.398787
14.151340
14.733420
14.711803
14.917112
13.808400
14.736506
15.010997

14.593517
13.765702
15.144217
14.238513
15.163338
14.673918
13.827272
14.933224
14.803929
14.906313

13.845741
15.604456
15.254015
14.094624
14.153227
14.645508
14.013910
14.383548
14.162401
14.018714

14.127381
14.822871
14.084228
14.466114
14.377656
14.438330
14.733502
14.253521
13.562218
14.528906

14.857748
14.522243
15.119598
15.029449
15.284672
14.931904
14.739561
14.630176
14.486163
14.015385

14.552349
15.084695
14.486780
14.840983
15.734671
14.214702
14.337098
14.937054
14.157719
13.991274

14.516401
13.913944
14.605745
15.028272
14.699175
14.125408
14.067774
14.191032
13.759048
15.277266

14.436536
14.280779
15.201068
14.759233
14.790427
13.733613
13.805110
13.940452
14.456109
15.178080

14.668963
14.193363
15.079792
13.867017
14.672909
14.740257
13.877255
14.515088
14.074958
14.776191

14.210974
14.027870
14.937083
14.647301
14.034611
14.778654
14.350986
14.717888
14.832294
14.696658

13.753883
14.692193
14.693009
14.250537
14.408805
14.438060
14.279113
14.697176
15.652965
13.914369

14.505273
13.646041
14.315078
14.355254
14.315773
14.786663
13.802112
14.223673
13.801138
13.930398

14.457466
14.477324
14.609852
14.601281
14.471960
14.463481
14.993397
14.199094
14.465222
14.607220

14.409483
14.591220
15.115718
15.012712
14.766653
14.420544
13.711093
14.459653
14.289250
15.300937

14.798431
14.288287
14.756112
13.514554
14.145096
14.593206
14.396450
13.194963
14.556895
14.272182

14.494313
14.166667
13.996735
14.114361
14.378356
14.501734
14.127124
14.107037
14.520568
14.705994

14.099732
15.030418
14.574886
14.946833
15.121843
14.932833
14.340772
14.896722
14.202094
14.335971

13.949961
14.160745
14.326782
13.861105
14.183298
14.677702
13.739009
13.914732
14.079142
13.614220

13.293902
14.444711
14.911841
14.921718
14.426917
14.269153
13.827802
14.344930
14.190975
14.211930

14.652007
14.669236
14.380319
14.454826
14.515623
14.559819
14.684306
14.255394
13.480069
15.254561

14.716503
13.738960
14.950398
14.162832
14.203548
14.605982
14.089495
15.427934
14.032348
14.740607

14.804981
14.560027
14.753763
14.913061
14.585872
14.689262
14.474954
14.059904
14.140073
15.578669

14.771137
13.690162
14.625345
14.204593
15.046568
14.732902
13.782095
14.585348
14.513534
14.489620

14.796184
14.487457
14.173246
14.188177
14.668051
14.557633
14.905083
14.120209
14.215061
14.671036

14.218404
14.045642
15.344809
14.265765
14.225005
13.796521
13.853553
13.876352
14.411389
14.430481

14.464311
14.362310
13.752669
13.847624
14.216727
14.581528
14.028424
13.966596
14.637506
14.142808

14.174536
14.328655
14.880056
14.230299
14.081660
14.178198
14.797557
14.991021
14.449154
14.823220

13.958668
14.747276
13.926883
14.582009
14.398643
14.995005
14.609350
14.458269
14.478013
14.791352

14.709228
15.207698
14.629923
14.604781
15.115918
14.435956
15.207257
14.317510
13.865782
13.960073

14.630623
14.038308
13.775540
14.306477
14.621153
14.432776
13.987130
14.422631
15.036712
14.413062

14.897048
14.862514
15.496698
14.236920
14.408324
13.950984
14.304858
14.102272
14.641078
13.805924

14.123330
13.340550
15.218979
13.749605
14.170114
14.372957
13.908358
14.136742
14.699154
14.157627

14.996712
13.812610
14.700667
14.145487
14.053212
15.335604
14.375687
14.582092
14.257140
13.754104

14.999586
14.018267
15.066484
13.668081
14.603008
14.067018
13.569774
14.008886
14.605018
14.700326

15.011650
14.622963
14.625884
14.565535
14.667338
14.755584
14.008102
14.757202
13.867000
14.630939

14.040562
13.885323
14.857672
15.178884
14.932380
13.929313
15.074615
14.392541
14.299265
15.121068

15.280778
14.605364
15.404326
14.750892
14.562933
14.454729
14.825670
15.064176
13.380318
14.305996

14.118068
15.050285
14.182305
13.923120
14.663909
15.471497
14.338367
14.206604
14.407320
14.423447

14.135589
13.635484
14.155040
14.982965
14.068208
15.120963
13.895182
15.295914
14.007648
14.177223

14.263330
14.462397
14.456414
14.590304
13.902348
14.461139
14.366124
14.236361
13.983656
14.357196

13.965779
14.482211
15.313803
14.978258
13.896903
14.935200
14.765279
13.825504
14.950767
13.814711

14.298000
14.239318
13.749879
14.576533
14.252577
14.361539
14.302887
14.091504
14.525965
14.755430

14.414169
14.132017
15.233640
14.869920
14.502420
14.697385
15.318466
13.604980
14.417244
14.971633

13.923125
14.950361
14.116889
14.663568
14.851130
14.412956
14.695131
14.179055
13.941768
14.256182

14.382108
14.000422
15.440652
14.659193
15.170094
14.385409
15.168904
13.991690
13.908980
14.015087

14.968991
13.766034
14.470546
14.619206
14.199528
13.729719
14.002273
14.549118
14.720459
14.590529

14.232752
13.809450
14.424598
13.950505
14.286932
14.614285
13.657086
14.382899
13.983931
14.138831

14.564307
14.061336
14.293532
13.855575
14.298205
15.597294
15.108438
14.912931
13.786075
14.228878

14.569447
14.618711
13.468325
13.997042
14.509639
14.539750
15.038431
14.236201
13.949638
14.491660

14.809963
14.593437
13.948368
13.927918
15.417822
14.016528
14.507551
14.714598
13.633223
14.765746

14.476910
14.074665
14.445235
14.871114
14.305088
14.214428
13.800181
14.543363
14.838685
14.598377

15.595822
14.242993
14.886618
14.330883
14.387205
13.991326
14.509429
14.308362
14.002698
14.887311

14.793205
14.527605
14.800685
13.968219
14.934443
14.313784
14.854851
14.296174
14.501045
14.014155

15.620940
15.303617
15.061231
14.707091
15.440049
13.693017
14.520377
14.207544
15.620298
14.283193

14.469872
14.318652
14.527649
14.081835
14.348946
14.233781
14.421120
14.277881
14.950328
14.735542

15.177668
14.119980
13.948188
14.938788
14.902786
15.326874
14.907360
14.533091
13.881774
14.818369

14.526920
13.906619
14.233304
13.918761
14.544389
13.998323
14.220770
15.021927
14.650662
15.452149

15.671042
14.336048
14.590085
14.473163
13.795698
14.757658
14.063650
15.009707
13.674151
14.253625

13.585296
14.642414
14.052428
14.169872
14.871659
15.231956
15.195488
14.533574
14.893422
13.834567

14.613801
13.800283
14.137714
15.525855
14.107909
13.901224
14.077194
15.022144
13.951425
13.861361

14.773861
14.993769
15.203090
14.694529
14.107295
13.842498
14.050511
13.973368
14.177257
15.049299

14.377512
14.917355
13.982331
15.030341
14.637438
14.878628
14.239289
15.448880
14.098352
14.842413

14.155065
14.780514
14.259709
14.491490
14.521666
13.953403
14.448202
14.174847
14.108260
14.247273

13.909160
14.184458
14.709102
14.209947
14.350488
14.188054
13.876812
14.095687
13.833627
15.175198

14.518548
14.648818
14.511248
13.976924
14.188087
14.216044
15.335567
14.747715
13.847876
14.697246

14.730915
14.473398
14.856654
14.310931
14.952827
13.996231
14.486173
13.859677
14.423336
15.296754

14.755780
15.224760
14.069763
13.686354
14.562991
14.868006
15.102675
15.101151
14.877391
14.806358

14.329232
14.595255
14.488651
14.121263
15.029613
14.605914
14.047893
14.546835
14.950765
15.998064

14.552705
15.018325
14.712137
14.242178
14.296137
14.116408
14.225449
14.140342
14.513873
13.910092

14.798018
15.037864
14.239068
15.465703
14.380119
14.397153
14.424753
14.357632
13.914043
14.844588

13.918075
15.480823
14.976588
13.972267
13.865542
14.438132
14.126247
14.665125
13.600200
15.155297

14.669050
15.034220
15.050275
14.624268
14.528242
14.562616
14.416564
14.302235
13.540765
14.121925

14.449711
14.652948
14.922725
14.358007
14.057539
14.234827
14.933861
14.651107
13.834590
14.435687

14.748444
14.138847
14.440495
14.818204
14.515973
14.566624
13.814153
14.203660
13.950599
14.406660

14.696398
14.525196
14.556596
14.519264
13.913682
14.086191
13.778030
14.285175
13.853606
14.649033

14.685808
14.466264
14.515316
14.219735
14.060138
14.349268
14.239346
14.307226
14.553696
15.118365

14.522045
14.655262
13.805930
14.965765
13.938687
13.740991
14.708208
14.028581
14.685141
15.153923

14.759657
13.642974
15.442341
14.383840
13.892299
15.006218
15.067251
14.393899
14.587125
14.567261

14.236015
14.002296
14.781618
14.335593
14.177849
15.146744
14.159579
14.651464
13.649484
14.007494

14.314417
14.344524
14.458278
15.143097
14.743213
14.685542
14.203545
14.200552
13.840918
15.271021

14.600393
14.598657
14.632740
14.253667
14.131843
13.881666
13.905622
15.273236
14.166467
13.802837

14.982901
14.550980
14.030440
14.410807
14.462428
14.669516
14.807513
14.824604
14.318665
14.594758

13.739565
14.357120
15.527691
14.754985
14.371493
14.350608
14.113866
14.449150
14.102305
14.957628

14.395802
14.715341
14.447161
14.648658
14.621522
14.488986
14.309654
14.498490
14.578171
14.243042

14.827232
14.064406
14.234066
14.989712
14.697174
13.803359
14.824380
15.001720
14.863046
14.509515

14.753363
14.298635
13.967181
14.834612
14.368263
15.323893
14.687962
15.152395
14.056241
14.521486

15.138428
15.033682
14.727668
14.057927
14.858260
14.803887
14.295663
15.034722
13.573867
13.996761

14.228931
14.229066
14.299099
14.501316
14.161535
14.468254
14.502483
14.977507
14.788541
15.300340

14.891042
15.347172
15.420081
14.939705
15.207417
14.441526
14.650967
14.121508
14.867195
14.203472

13.780728
15.486221
14.754791
15.247511
15.827539
14.030463
14.122044
15.067796
14.091206
14.853708

14.583628
14.123138
14.204709
14.769035
14.543520
15.192736
14.827420
14.982138
13.720237
14.480934

14.610680
14.826267
13.980379
13.954618
14.406440
15.001356
14.900264
14.843158
13.701688
13.710744

14.220698
14.766868
15.068042
14.085893
14.793484
14.162482
14.523450
14.789933
13.906210
14.678208

14.391026
15.555926
14.230092
14.268612
14.320553
14.134607
14.691019
13.913343
13.869774
14.410136

14.607270
14.870109
14.463859
14.465847
15.339626
14.684183
14.326957
14.602205
13.886523
14.413373

14.065229
14.308009
14.695036
14.848665
14.298662
14.404683
14.162454
14.158591
14.296211
14.894482

15.036034
14.373408
15.267200
14.359981
15.044748
13.630897
14.158408
14.640914
14.146856
15.017894

14.082584
14.534910
15.498882
14.065623
14.505956
14.512692
15.067819
14.056875
14.154182
15.470000

14.393380
14.878501
14.511039
13.787048
14.720161
14.082072
14.580472
13.899038
13.410335
14.411784

14.641920
14.229616
14.584673
14.281509
15.124019
14.812793
14.275966
14.582366
15.229424
14.426094

14.976978
14.518089
14.418063
14.696619
14.955574
14.419403
13.771822
14.219501
14.415667
14.191955

14.430368
14.320410
14.378783
14.490475
15.515479
14.931904
14.712659
14.350215
14.071875
14.904305

13.906118
15.314761
14.994070
14.324408
14.516960
14.314979
14.360949
14.713945
13.770016
14.401532

14.256724
14.038336
15.251957
14.505128
14.476548
14.559989
14.337384
14.109056
13.698483
14.915588

14.687171
14.767114
15.074136
14.053784
14.554152
14.413007
14.849777
14.247924
14.028700
13.778613

13.809885
14.110655
14.494752
15.323654
14.562787
13.890990
14.011325
15.644734
14.236373
13.905460

13.685140
14.733960
14.810490
14.817671
13.997048
14.382958
14.948406
15.219137
14.880136
14.817281

14.832816
13.996980
14.513816
14.335717
15.348435
13.936237
14.223158
14.576190
13.852401
14.175500

14.203428
14.507315
14.357515
15.273391
14.461347
14.357189
14.056148
14.521966
13.990745
14.481481

15.326566
13.589728
14.646599
14.340347
14.348818
14.516510
13.790158
15.223019
14.046662
14.542446

14.401908
13.748233
14.209126
14.484453
14.814121
14.095138
15.215019
13.590980
13.628704
14.257170

14.850334
14.803595
14.539466
14.266325
14.675638
14.159431
14.894618
14.197739
13.521477
14.634099

14.337906
14.619240
14.936618
15.052124
14.051874
14.431099
13.773315
15.182734
13.876002
14.732171

15.303961
14.630189
14.661930
14.954899
15.164762
15.352297
13.928425
14.867566
13.685108
14.325846

14.755601
14.634901
14.118033
15.036795
14.291266
14.539139
14.211551
14.671053
13.514431
15.152255

14.064348
15.082311
14.561456
14.764619
13.812974
15.372865
13.201044
13.898602
13.870035
15.386895

14.732569
14.327704
15.233869
14.956749
14.521648
13.808617
15.670628
14.740526
13.564447
14.471893

14.641175
14.875133
14.788745
14.185683
15.311700
13.775615
13.811788
14.421116
14.176020
14.261595

13.816105
15.650351
14.950183
14.265242
15.002681
14.469717
14.973648
14.521804
14.740943
14.212905

14.416057
15.059345
14.475770
14.041044
14.669717
14.228644
14.092975
14.489023
13.987974
14.378082

14.521666
14.350676
14.789741
15.380111
14.574812
14.058089
14.258731
14.413498
14.431569
14.230977

14.573977
14.881193
16.083478
14.801133
14.467857
14.298067
14.527765
14.855338
13.811383
15.242924

14.497181
14.421741
14.855675
14.845616
14.789057
14.343627
13.653941
14.836723
13.943468
13.894017

15.050080
13.896043
14.873333
14.050048
13.706201
15.053225
13.931549
13.634489
14.357506
14.797869

14.832540
14.137993
15.655020
14.773064
14.975669
14.154581
14.074426
14.267654
14.387365
14.319079

14.331849
15.152955
14.835162
15.346793
14.602762
13.992372
14.137209
14.086026
14.171438
14.481870

14.446399
14.251494
14.989690
14.781846
14.448848
14.855972
14.404242
14.165800
13.757620
14.540120

14.262278
14.863506
14.425898
14.119853
14.223438
14.001885
15.049539
14.558862
14.189489
14.064626

14.436975
14.831680
14.250025
14.305175
14.658149
14.586102
14.199097
14.393509
13.876765
14.995713

13.707806
15.176962
14.529947
13.975923
15.106456
14.019488
14.053338
13.680851
14.024154
14.541416

14.801662
14.356614
14.883506
14.589761
14.925129
14.735186
14.639596
14.395458
14.402974
15.338102

13.818300
14.450090
14.789695
14.492145
14.432370
13.939173
15.014134
14.552750
14.018715
14.318289

14.635519
14.273585
14.812458
15.107868
14.760860
13.804235
14.442443
14.644127
14.963383
14.813030

13.860364
13.760012
14.964048
14.512198
14.899706
14.420323
14.770809
15.173802
14.018586
13.970866

14.695356
14.549996
15.051792
14.771682
15.063449
14.419918
14.598755
13.419189
14.338370
14.562657

14.429213
14.400717
14.448867
14.538997
14.828095
13.837792
14.117947
14.532219
13.901964
14.933378

14.117402
14.381241
14.904213
14.904954
14.937629
14.819628
14.170935
14.483534
14.762057
13.865707

14.341038
15.602795
14.075695
15.222498
13.657578
14.360794
14.211796
14.454868
13.986351
14.185099

15.133465
13.880580
14.510258
13.994363
14.302569
14.149215
15.162344
15.126132
14.362523
14.776881

14.114915
14.822209
14.327521
14.483222
14.332668
13.636169
14.834725
14.322994
14.285181
14.435957

14.071902
14.354625
14.082640
13.985516
14.859488
14.379263
14.566832
14.619726
13.938097
14.594612

14.124708
14.443943
15.720046
14.476165
14.389572
13.902119
15.179308
14.299763
13.806976
14.018278

14.943810
13.954528
14.467081
13.884843
14.129294
14.077150
13.300712
15.277735
13.779750
14.797536

14.454312
14.639511
14.337213
14.708507
14.793738
14.871293
14.916604
14.318466
13.953925
14.049810

13.986740
14.190347
14.482204
14.602994
14.619901
14.138791
14.396569
15.308885
14.315485
14.771875

14.553249
14.641193
15.183348
14.442929
14.835616
14.552588
14.883299
14.019137
14.542564
14.455004

14.583652
14.773616
14.345508
14.166435
13.565842
14.559580
14.385595
14.496045
15.094600
14.387410

14.239030
14.220463
14.115795
14.314122
13.868674
14.485653
14.881783
14.292681
14.434614
14.862843

13.679927
14.792830
14.396634
14.858780
14.021340
14.050690
14.073937
14.753442
14.146571
15.720308

14.475098
14.359839
14.269498
14.849329
14.381765
14.142635
15.265299
13.440943
14.008837
14.891516

14.280529
14.975375
14.482258
15.019173
14.013665
13.807375
14.105293
14.167033
13.425980
15.420745

15.153921
14.546933
14.399315
13.760200
14.840199
14.705078
14.518768
14.031841
14.081638
14.256233

14.464090
14.189575
14.795712
14.441707
14.266799
14.583056
14.315335
14.460729
14.300984
14.400816

14.945282
13.806662
13.741044
13.923630
13.878534
14.729827
13.868387
14.037496
14.447759
13.859514

14.202062
14.880335
13.626206
15.134740
14.662920
14.334612
14.528451
13.889764
13.484337
14.925492

13.711832
14.289647
14.309594
14.768975
14.764936
14.642054
14.141755
14.314431
14.219026
13.894333

15.187941
13.913825
14.262292
14.210375
14.790288
15.393611
14.518590
14.720339
14.250022
15.163633

15.771207
14.159780
14.350110
14.779650
14.113056
14.909731
13.936488
14.565131
13.723546
14.684688

14.141859
14.078661
15.071324
15.060567
15.785624
15.003654
13.555238
13.788065
14.219420
14.574727

14.813406
14.204734
15.944936
15.113376
14.538806
15.102788
14.578715
14.703974
14.645090
14.394879

14.603137
14.602654
14.504342
14.862977
14.694819
15.184397
14.988592
14.222022
13.497533
14.661916

15.210792
14.141521
14.119074
15.668943
14.402787
14.775506
14.231529
14.859352
14.305074
14.286570

14.517044
14.167646
13.781587
14.320969
15.083674
14.436483
14.917214
14.352387
14.173958
14.760629

14.251847
14.139333
14.631998
13.684008
13.667647
14.263212
14.806121
13.998215
14.316774
13.974415

13.718953
15.332337
14.724904
14.865388
14.221883
14.796578
14.653975
14.310304
13.489103
14.103648

14.993490
13.932423
14.128698
14.414772
14.514947
14.123583
15.452238
13.802239
14.307209
15.010694

14.310091
14.865646
14.707335
14.968101
14.307723
14.844942
14.911011
14.280811
14.223885
14.701736

14.535926
14.542976
14.294496
15.064916
13.986333
14.967901
14.653095
14.565378
14.631620
14.540470

14.089084
13.987060
14.119253
14.057382
14.259627
15.337718
13.887703
14.764991
13.999711
15.390660

13.958813
13.926841
14.757983
14.355104
15.455769
14.121649
14.845092
14.119218
14.330396
14.432382

14.472237
14.848108
15.206771
14.192863
13.761846
15.399602
14.440653
13.992856
14.639923
14.461990

14.850681
14.730036
14.309472
14.780655
13.909772
14.742371
14.932769
14.355247
14.104903
13.977119

14.636592
14.278163
14.421847
14.328193
14.678047
13.903155
14.064035
14.066327
13.807833
14.016594

14.365717
14.497338
14.661654
14.920482
14.381669
14.376806
14.971479
14.551000
14.314506
13.877359

14.673038
15.051023
15.108418
14.679233
14.567325
14.467837
14.673256
15.547646
13.964406
14.292040

14.543049
14.863249
14.255957
14.748751
14.294693
14.584534
13.836310
15.761974
14.126314
14.030216

14.813957
13.788013
14.604064
14.430309
13.739141
14.213312
14.497032
14.758922
14.430276
14.354063

14.610113
14.221366
15.204322
15.036564
13.829839
14.320748
14.610583
14.555646
14.594855
14.368866

14.605109
14.538977
14.911156
15.271413
14.363233
14.668231
14.744514
14.330173
14.420795
14.148512

13.968186
14.996701
14.717721
14.218106
15.016875
14.523016
14.519551
14.831157
14.688329
14.444785

14.660778
14.611622
14.263971
14.053826
14.544137
14.527101
14.159706
14.682460
13.896255
14.577613

14.607513
15.026074
14.205402
15.475582
13.926717
14.527243
14.860100
14.953578
14.735782
14.592865

14.213476
14.406102
13.889347
14.123241
13.865480
14.485862
14.116481
14.891470
13.917928
14.616441

14.762238
14.188913
14.226111
14.208891
14.672378
14.637277
14.190110
14.792885
14.486481
14.608138

14.958989
14.965569
14.143115
14.267236
14.775150
14.742237
13.846527
14.459945
14.594642
14.897213

14.428615
15.015363
14.761251
14.868938
15.344844
14.472694
13.847022
14.499385
13.953984
13.841652

14.583927
14.427228
15.089258
14.551198
14.161660
13.850645
13.853452
14.489702
14.428448
14.320975

13.753848
13.398479
14.747699
14.398332
15.276641
14.413185
14.310977
14.355409
14.262952
14.889363

14.506766
14.662277
15.279327
14.275512
14.204194
14.131371
14.144124
15.690537
13.881310
14.784847

14.940031
14.091575
14.382739
14.634620
15.367871
14.694954
14.641720
14.185122
14.064800
14.938326

13.889916
14.554339
14.807799
14.657958
14.169295
14.859590
14.168599
14.355795
13.774726
14.060833

14.734436
13.672698
14.438333
14.221230
14.504654
14.421046
14.232629
14.660332
13.972022
15.044264

14.951529
14.760818
14.008817
14.057218
14.483471
14.077392
14.824890
14.871245
14.488140
14.585519

14.592002
14.480584
14.656380
14.827462
14.147423
15.525141
14.293773
14.727796
13.995726
14.049181

14.484818
14.927679
15.676429
14.719092
14.010630
14.604325
14.539257
14.727069
14.684656
14.279925

14.070809
14.314724
14.261858
14.670046
15.772121
15.237085
14.252448
14.000618
13.611281
14.628646

14.597064
14.520783
14.245015
14.780853
14.369995
14.037716
14.083717
14.625167
13.895496
14.851055

14.812849
13.734885
14.104883
14.426839
14.512857
14.048070
14.469847
14.457393
14.428825
14.465562

14.549842
14.836637
14.843357
14.493847
14.153339
14.131496
15.168418
14.558859
15.561279
14.931660

13.937456
14.535111
14.268825
14.233887
14.974228
14.572207
14.436998
13.482877
13.940372
13.829556

14.555554
15.309740
14.536275
14.112869
14.243942
14.353760
14.550806
14.831204
14.621716
14.544305

13.883511
14.362724
13.921554
14.532409
14.398643
15.450840
13.847868
14.061156
14.245088
14.994609

14.847694
14.297394
15.059091
14.473461
14.671015
14.378345
15.707080
14.518317
14.518818
14.581960

14.089810
14.250618
14.805979
14.817927
14.064107
14.301892
14.427600
14.771395
13.249061
15.372440

14.414298
14.622371
14.192389
14.349046
14.975921
14.220358
15.468535
14.338527
14.402729
14.373451

14.653546
14.332362
13.992847
14.926049
14.543878
14.259659
14.066135
14.082909
13.670006
14.967646

14.535939
15.115807
15.306749
14.696350
14.287554
14.800729
14.410891
15.889594
13.314580
15.434712

13.759807
14.109205
14.454633
14.576348
14.369315
14.171120
14.487246
13.711484
14.663193
14.219132

14.839666
14.474159
14.151186
13.657814
14.827620
13.930267
13.967650
14.676800
14.064143
14.129804

13.905992
14.558983
15.500883
15.070206
15.256990
14.295447
15.352444
14.472412
14.190980
14.797563

14.265977
15.235363
14.233699
14.326322
14.996883
15.655943
15.085949
15.201027
14.093579
14.015938

14.906352
15.466035
15.121393
15.087399
14.938666
15.071428
14.477292
13.990488
13.988452
14.058156

13.944407
15.305718
14.201011
14.038764
14.481345
13.862393
13.963201
14.201282
14.469236
14.665506

14.904138
14.922511
14.471079
14.024401
13.938121
14.643844
14.408876
14.224737
13.835546
14.661474

15.529039
14.736975
14.401604
13.696932
14.194054
13.898528
14.585899
14.992145
13.893248
14.613741

14.299044
13.785386
14.600246
14.787485
14.014859
14.481349
15.255272
15.247514
14.097804
14.049171

15.379714
14.543480
15.264282
14.775826
14.976113
14.011365
14.050184
13.350412
13.967587
14.362424

14.613527
13.886208
14.345888
14.465669
14.080757
14.959398
14.698138
15.657318
14.192137
14.413596

13.933835
14.519086
14.301156
14.713923
14.067748
14.863510
14.111983
13.969008
13.860697
15.239213

14.574191
14.832821
14.242184
14.539382
14.347305
14.283872
14.731327
13.976762
15.224311
14.689332

14.278712
14.104422
15.962442
13.934155
13.817425
14.795196
14.700195
15.098073
14.140016
14.820837

14.693905
13.636082
14.323927
13.896823
14.260785
14.442069
14.492034
14.832997
14.324839
14.244788

13.958297
14.217532
14.593222
15.074271
14.588680
14.436591
14.721074
15.811635
13.974729
14.072779

14.534288
14.351843
14.532450
14.292818
14.111601
14.378253
14.392765
14.031266
13.553227
14.870752

13.699507
14.822187
14.318994
14.096555
15.182039
14.617441
14.362189
14.133402
13.447554
15.636268

14.637856
14.729066
14.951204
14.302234
14.815429
14.533056
14.365575
13.652819
14.618888
14.982581

14.884341
14.068866
15.866363
13.644455
14.175010
13.944863
14.078439
13.854270
14.886941
14.906679

14.792553
13.869780
14.541573
14.213033
14.465870
13.948598
15.247273
14.436491
14.726130
14.066460

14.178422
13.929664
15.292010
13.950304
14.754249
14.683825
13.897453
14.537804
14.383883
14.784447

14.014509
13.726003
14.231021
14.915889
14.157832
15.783398
14.667344
13.925154
14.177012
14.838820

14.354112
14.818555
15.332732
13.539936
14.517504
13.988555
13.581865
14.355672
14.469275
14.299325

15.079108
14.083712
13.738598
14.809911
14.207812
14.289749
14.748696
14.315298
13.650104
15.197996

14.365307
13.830017
15.361376
14.446550
14.840701
14.813998
14.384987
14.581396
13.646592
15.338365

14.204970
14.950131
13.963780
14.603523
14.766011
15.240443
14.039511
14.817923
13.711896
15.078387

14.123573
14.448366
14.867731
13.936894
15.029096
14.233954
14.356918
13.945629
14.422717
13.826730

15.188484
14.314521
14.830956
14.693044
14.498346
14.126028
15.233742
14.676521
14.300882
15.733512

14.608636
14.424765
13.974685
14.268905
14.165295
14.858093
15.061550
13.924346
13.596143
14.003948

14.562327
14.849007
13.837717
14.392072
14.460719
14.578577
14.029926
14.333178
14.678062
14.508467

15.206428
14.568638
14.025288
14.019326
15.520067
15.344383
14.918082
14.960918
14.051757
14.514216

14.641531
14.685178
14.962043
15.396408
14.061249
13.988582
14.049185
14.316480
14.789360
13.763582

14.935107
15.495109
14.288064
14.952616
14.836420
14.460128
14.047883
14.740501
14.383941
14.537462

14.432993
15.585869
14.064101
15.144878
13.931175
14.413348
14.147446
14.326645
13.892171
14.692169

14.042020
14.517886
15.729807
14.614402
13.954223
14.292396
14.049088
13.703350
14.548238
14.366523

14.019728
14.993523
14.371237
14.310423
13.348674
14.812248
13.911144
14.563299
14.461030
14.314451

14.455500
14.630174
14.912345
14.287457
14.050319
14.721045
14.056880
14.396772
13.901364
14.221406

15.227215
14.930045
15.176508
14.199968
14.724677
14.026860
14.447605
14.725053
14.599233
14.069707

13.540791
14.522313
13.989720
13.581888
14.568691
15.212710
14.206154
14.050145
14.157915
15.416415

14.293049
15.193423
14.169596
14.729069
14.685008
14.493246
14.674602
14.547868
14.638527
14.364520

14.251084
14.631663
13.964236
14.393948
14.609981
14.530438
14.374415
14.038540
14.067230
14.906301

14.848874
14.461331
15.381410
15.142421
13.947874
13.952925
15.491955
15.227934
14.758952
14.711850

14.117480
13.988792
14.667757
14.340338
14.797234
14.115908
14.127352
14.257938
13.732366
14.169293

15.120987
14.507441
15.087332
14.455278
14.531555
14.915551
15.485968
14.497537
14.246098
14.725242

13.543950
13.780238
15.975897
13.691421
14.799189
14.520581
14.272543
14.099970
15.022441
14.740788

14.255170
15.795020
13.946392
15.580360
14.502791
14.621525
14.944248
15.133034
13.917294
14.770884

15.087145
14.503120
14.699333
14.847581
14.108076
15.184153
14.423507
14.316004
14.117696
13.608365

14.432140
14.937538
14.705742
14.018930
15.406336
15.135558
14.169939
15.218225
14.271758
14.353297

14.307766
14.080966
14.887060
14.600305
14.943889
14.102055
14.041317
14.114927
14.070870
14.202859

13.999430
13.746001
13.869982
14.193889
14.695317
14.502220
14.340052
14.038100
13.751726
14.771450

14.391722
14.257602
14.509847
14.614740
14.757384
15.253468
13.958142
15.106356
14.781013
13.869225

14.925896
14.277555
14.150681
14.918368
14.434949
14.987050
15.270898
14.491893
14.190883
14.054375

14.353484
14.332754
14.119935
16.288670
14.034429
14.412058
14.945957
14.180115
14.528766
14.343066

14.788445
15.079105
14.388503
14.530710
14.439027
14.413074
15.467571
14.561732
13.870053
14.641748

14.405653
14.938922
14.355593
14.909701
15.384574
14.069448
14.380299
14.214726
14.499048
14.344114

13.911436
13.950643
14.647910
14.553420
14.398159
14.339116
15.064348
14.879434
14.191132
14.254789

14.223167
14.593379
14.298093
14.543912
14.573129
14.592984
14.674720
14.850981
14.053571
14.572266

14.419571
14.010517
13.612112
14.785718
15.310816
14.045090
14.592752
14.451584
14.905464
14.754496

15.105316
14.372296
14.747544
14.995255
14.094846
14.492643
14.426082
14.297692
14.395605
14.469634

14.275969
14.822896
14.610477
15.026947
14.184245
14.594628
14.477754
14.426129
14.370234
15.005499

14.373041
15.123689
14.099662
15.129088
15.045720
14.170430
14.268350
15.029457
14.173546
14.274025

14.979704
15.024260
14.803478
14.377388
14.467934
14.543457
14.015768
14.448852
14.262772
14.371709

14.028635
14.556803
14.808043
15.344656
15.264100
14.804945
14.651344
14.404254
14.478102
14.901492

14.707232
14.633386
14.414218
14.371531
14.676613
15.213466
14.083743
14.728426
14.271505
14.383514

13.850361
14.528842
13.961273
14.284005
14.552139
14.981077
13.829451
14.900470
13.658082
14.009603

14.501949
14.668124
13.496223
14.590582
14.458444
13.807870
13.967169
14.467131
14.562410
14.903717

14.630202
14.408188
15.022052
14.178014
14.279761
15.053725
15.291097
14.850394
13.731713
14.191662

15.001546
14.323362
15.591589
13.992556
14.515927
14.319274
14.090705
14.160521
14.058906
14.272095

14.663229
14.169090
14.995808
14.581458
13.863965
15.166593
14.478053
14.158485
13.742835
14.600209

14.409399
13.816743
14.907392
14.841855
13.740588
14.761984
14.722654
14.081962
13.864641
14.719846

15.280119
14.233515
14.733728
14.516722
14.225818
14.305937
14.383320
14.718546
13.629049
15.451649

14.058858
14.972188
14.960027
15.082682
15.560005
13.959440
15.138395
14.380681
13.483196
14.702338

14.463914
14.423415
14.868551
14.835222
14.298767
14.597460
13.768163
14.598275
13.725736
14.593654

14.693791
14.497620
14.722627
14.502177
15.099863
14.334881
14.296559
14.664409
13.473268
14.625302

14.470119
15.011472
14.750831
14.790907
14.170928
14.981275
16.073141
14.205362
14.262944
14.582995

14.538116
14.536903
14.610140
15.011350
14.268320
15.088526
14.833023
14.257202
14.132494
14.374972

14.447418
14.744395
14.909828
14.477104
14.194162
14.435913
14.770983
15.111134
14.301931
14.831570

14.228453
14.933884
14.497769
14.713772
14.436272
13.791334
15.188354
14.321952
14.895235
14.421890

14.028801
14.605954
14.814483
13.711275
14.846339
14.310074
14.228927
14.156580
13.636400
15.738221

15.201446
14.059094
14.142042
13.695222
15.020758
13.749711
15.120436
14.199143
13.994660
15.051829

15.143883
14.498726
14.402808
14.634453
14.914639
14.608793
14.912475
14.541239
14.414537
14.240770

14.823406
14.576974
14.776757
14.954350
14.960180
14.235516
14.255536
14.024277
13.808213
14.127151

14.313168
15.261861
14.356999
14.888254
15.078656
14.227883
13.928835
14.522476
14.629748
14.492078

15.038263
14.380667
14.963812
14.125121
14.020162
14.130445
14.950405
13.996014
14.635533
14.361724

14.255955
14.096663
14.805860
14.578530
14.848049
14.760642
14.252485
14.460186
15.019741
14.234134

14.030534
14.336298
14.942699
14.200960
14.897582
14.106254
14.406411
14.588196
13.608070
15.343023

14.212851
13.941304
14.498655
14.486432
14.273581
14.096947
14.144430
14.312036
14.669813
14.324829

14.122685
14.620628
14.141690
14.195500
14.731259
13.677024
14.108687
13.935762
13.612076
14.661691

14.357012
15.857660
15.161997
14.758986
14.480019
14.118506
14.877084
15.285839
14.620203
15.713469

14.045329
14.176553
13.983677
13.847770
14.067190
15.108597
14.223293
14.341764
14.228283
14.025573

14.777239
15.493396
14.654515
13.397079
14.238554
14.429444
14.755033
15.250821
15.061986
15.387987

14.430801
15.383395
13.731790
14.733587
14.075501
14.513266
14.700412
14.769926
14.441295
13.976886

14.650363
14.844309
14.291686
14.780043
15.752154
14.017728
15.067788
14.731333
13.976472
14.436071

15.134506
14.456240
15.306433
14.816953
15.545691
14.895334
14.486439
15.460003
14.644749
14.400638

15.298315
14.179755
14.259033
13.960897
14.285781
14.149828
14.302662
15.572623
14.114818
14.391124

14.150862
14.271694
14.538242
14.355348
14.723999
14.400202
14.252127
14.684495
14.334867
13.767541

15.618614
13.778414
14.213037
14.186557
14.904162
14.774863
13.939323
13.710811
14.181320
14.048318

13.776682
14.479507
14.509900
13.520277
14.162517
14.212105
14.833093
14.559306
14.451658
13.697325

14.705655
14.341334
14.885301
14.294856
13.370495
14.289689
14.964706
15.137869
14.399968
14.966338

14.055053
14.846574
14.663516
14.941806
14.733061
14.529479
14.398750
14.894366
14.295760
13.985509

14.584074
14.125727
14.620779
14.725813
14.544048
13.944437
13.891068
14.662526
14.028433
14.338317

14.231011
14.465926
13.578302
14.492051
14.185810
14.450250
14.252446
14.053485
13.796357
14.308037

14.925041
13.905980
15.064852
14.465187
14.969053
14.701260
14.989437
14.912433
14.348374
14.754196

13.904783
14.820833
15.090043
14.427999
13.812960
14.212962
13.869271
14.408592
14.143836
14.216172

14.239129
14.371415
15.254137
13.962615
14.953058
14.901478
15.148486
14.972730
14.228903
14.317138

13.617824
15.015168
14.253033
14.660264
14.569091
14.738476
14.767816
14.595502
14.096776
13.759158

14.074575
14.073758
14.171249
13.923963
15.061934
13.980500
13.886724
14.314502
15.065061
14.932977

14.854177
15.488723
14.993685
15.052803
14.387994
14.473548
13.461203
13.655968
14.547846
14.428322

14.087595
14.882956
14.744748
15.054607
15.273931
14.379988
14.030381
14.689018
14.790220
15.215317

14.493664
14.671667
13.986663
14.983155
13.971267
14.751302
14.165500
14.470669
13.602874
14.649363

14.606784
14.706727
14.524064
15.049817
15.215247
14.374447
14.233802
14.992318
13.429812
14.732370

14.156946
14.324270
14.885781
15.163198
14.157200
13.797752
14.414562
15.066404
13.855786
15.019408

14.796699
14.126383
14.627003
13.908693
14.333337
14.319748
13.612747
13.646720
14.751120
14.326871

13.632254
14.377788
15.009491
13.880055
14.791142
15.115178
14.069711
14.378137
14.027767
15.209972

14.745810
14.546135
14.689611
13.685887
14.170665
15.681931
14.250719
14.031401
14.080241
15.263695

14.859002
14.192183
15.094953
14.107063
15.183583
14.594151
15.525701
14.650512
13.570156
15.254492

15.091885
13.970640
16.156970
14.706522
14.695451
15.032885
14.214238
14.848206
14.420630
14.173353

15.065100
14.331331
14.472987
14.638294
14.427857
14.383512
14.306963
14.761148
14.015319
14.978941

14.462941
14.345595
14.168203
14.429689
13.930441
14.393439
15.182691
14.764690
14.468852
14.195280

14.650408
13.937781
14.660847
14.567775
15.193113
14.528224
14.695863
15.026749
14.167388
14.518991

13.742585
14.341150
13.946032
14.305250
15.478008
14.705851
15.063639
15.262764
14.270749
14.381746

13.615758
14.307192
14.252264
14.112482
14.619808
14.766976
14.456135
15.070884
14.561283
14.799700

15.183884
13.664479
14.371917
14.651378
14.948736
14.579540
14.749300
14.752709
14.122056
14.644132

15.504689
13.666307
14.413452
15.290135
14.990337
14.762855
14.359150
14.449910
14.583455
14.502230

14.347246
13.643788
14.478173
14.678243
15.000088
14.513590
14.605768
14.543255
14.066818
14.561473

14.777420
14.845656
14.959211
14.629675
14.728785
14.205264
14.454485
14.231841
14.281520
14.259176

14.753629
14.618522
14.259774
14.989396
15.547618
14.561560
14.408143
14.065572
14.305269
14.347715

14.476162
13.837473
15.392678
14.407810
14.874829
14.291966
15.369157
14.300712
14.325769
14.539883

14.334639
14.106086
15.444556
13.813715
14.335917
15.217649
15.322711
14.933376
13.929757
14.766789

14.207625
14.550137
14.729888
14.465910
14.912998
14.143528
14.552991
14.056492
14.359839
15.002897

14.538223
14.331747
15.668678
14.589371
14.272919
14.627799
13.852529
14.120897
14.874250
13.859253

13.797252
15.314742
13.799640
14.107010
14.252945
15.227202
14.185603
14.009559
14.004818
15.579058

14.441543
13.875890
14.369563
14.118589
14.725923
15.019855
14.223084
14.266853
14.346343
14.424688

13.927724
14.340509
13.755605
14.652893
15.110700
14.311383
15.292448
14.283768
14.522434
14.603183

14.011861
14.186115
14.636322
15.036825
14.583870
15.071316
13.892540
13.819303
14.243342
14.611186

14.775325
15.258623
15.793435
14.158486
13.853217
13.973599
15.064353
15.225414
13.855615
14.627997

14.238744
14.649467
14.746044
14.467068
14.281966
14.583250
13.643400
14.261060
13.563181
14.691198

14.896286
14.537653
15.065862
14.525255
14.817774
14.492832
14.314392
13.792070
13.855621
14.433772

14.577654
14.075848
14.886649
14.167165
14.122190
13.564238
14.559062
14.695332
14.718561
14.632641

13.565517
13.580954
15.661703
14.090275
14.041228
15.016264
14.043111
14.341526
14.057812
14.675860

13.778334
14.082801
14.606228
14.031807
15.324306
15.205217
14.705708
14.535132
13.749774
14.189718

13.985412
14.252528
14.624421
14.743139
15.145803
13.764065
14.242868
14.523456
13.690112
15.096498

14.639302
14.024213
14.931101
14.908104
15.075374
14.915306
14.042406
14.021826
13.508961
15.451529

14.256035
13.853533
14.662830
14.917533
14.456622
14.162200
14.435003
14.841233
15.048364
14.522208

13.629630
15.820657
14.450143
15.061779
15.335513
14.720744
14.582628
14.548258
14.227003
14.300304

14.401869
13.964394
14.838568
14.309876
14.250107
14.460893
14.683888
14.335933
14.316430
14.603772

15.235357
14.223418
14.443067
14.449880
14.685052
14.188230
14.306770
15.694851
14.841406
14.114029

14.128775
14.546121
14.425074
14.712231
14.358795
14.270818
14.898984
14.624248
14.664916
15.203697

14.272816
14.689591
14.345271
14.836959
14.602728
14.527327
14.552620
14.192317
14.318855
14.358248

14.099987
14.552224
14.833233
14.594073
14.943848
14.687115
13.608510
14.243726
14.422201
14.535686

14.077086
14.500056
14.773935
14.867218
14.371060
13.986915
13.720240
14.260484
13.708157
14.283446

15.032118
15.002778
14.553090
15.274759
14.376938
14.611917
14.053561
14.265951
15.265566
15.040244

14.690754
14.229606
15.246834
14.133223
14.123441
14.134034
14.934366
14.433587
14.648791
14.293064

14.559832
14.279423
13.954918
13.863447
13.987050
14.042985
14.405328
14.753148
14.165451
14.380714

15.059090
14.195629
14.221669
14.464182
14.818136
14.933601
14.954109
14.476976
14.414360
13.390549

14.619078
14.230921
14.637724
13.772035
14.460741
14.902910
14.118112
13.893776
13.606345
13.950766

15.560658
14.147177
14.501763
14.881928
14.301044
14.639054
13.603748
13.790587
13.543873
15.165304

14.169400
13.885339
14.761256
14.381062
13.931478
14.724566
14.539042
15.173474
14.171913
14.320466

13.993339
13.833626
15.206216
14.608264
14.900707
14.605489
14.216931
14.276827
14.259734
14.346629

14.954932
14.008804
13.975397
14.800301
15.193377
14.073403
14.474540
14.818269
13.658208
14.793349

13.889510
14.258108
13.989002
14.869837
14.558578
14.495641
14.887194
14.525822
13.493123
14.639554

13.993026
15.156490
15.144804
14.302507
15.014824
14.623325
14.358601
14.853433
13.703835
14.477695

14.716455
15.289258
15.256494
14.384482
14.619776
14.598280
13.690738
14.524787
13.740900
14.614225

14.603666
14.516978
15.279274
14.392598
15.560844
14.187194
15.142237
14.513792
13.741626
15.012593

14.455179
14.387168
13.940293
13.612491
14.235520
14.715904
14.068134
14.579521
13.964655
15.006053

14.320756
14.487544
14.212054
14.720726
14.679021
14.789846
14.937142
15.169574
14.304802
15.074377

15.470048
13.867807
14.313860
14.722706
14.887056
13.987571
14.036970
14.372217
13.766125
14.545453

14.762505
14.622458
15.148314
13.398543
14.429503
14.387334
14.281165
13.660842
13.953208
13.663421

14.228962
14.658403
14.947473
13.893879
13.937777
14.965496
14.294824
14.451110
13.783991
14.182978

14.653357
14.362669
14.854359
14.987257
15.051793
13.654977
14.498603
14.609709
14.468297
14.212091

14.270837
13.963957
14.827462
14.541150
14.114069
14.528362
14.747265
14.510055
14.512998
14.808409

14.817009
14.248644
14.399600
13.627721
14.290387
15.079384
14.438240
15.106932
14.495631
14.154273

14.026779
15.159802
14.434787
15.064035
13.930429
15.055976
14.641233
14.379541
14.325500
14.169865

14.014513
14.903096
14.389783
14.123738
14.768443
14.269949
14.953935
14.443546
14.043823
14.522775

14.322489
14.114957
14.726819
14.931936
14.193800
14.723263
14.958643
15.391572
14.876989
14.805741

14.635737
14.164029
14.842764
15.311832
14.149983
14.557422
14.346674
14.150298
14.196564
14.699049

