0		7.45	0.1266666667
1		7.45	0.1266666667
2		7.45	0.1266666667
3		7.45	0.1266666667
4		7.45	0.1266666667
5		7.45	0.1266666667
6		7.45	0.1266666667
7		7.45	0.1266666667
8		7.45	0.1266666667
9		7.45	0.1266666667
10		7.45	0.1266666667
11		7.45	0.1266666667
12		7.45	0.1266666667
13		7.45	0.1266666667
14		7.45	0.1266666667
15		7.45	0.1266666667
16	6.74	0.1333333333
17	6.74	0.1333333333
18	6.74	0.1333333333
19	6.74	0.1333333333
20	6.74	0.1333333333
21	6.74	0.1333333333
22	6.74	0.1333333333
23	6.74	0.1333333333
24	6.74	0.1333333333
25	6.74	0.1333333333
26	6.74	0.1333333333
27	6.74	0.1333333333
28	6.74	0.1333333333
29	6.74	0.1333333333
30	6.74	0.1333333333
31	6.74	0.1333333333
32	6.74	0.1333333333
33	6.74	0.1333333333
34	6.74	0.1333333333
35	6.74	0.1333333333
36	6.74	0.1333333333
37	6.74	0.1333333333
38	6.74	0.1333333333
39	6.74	0.1333333333
40	6.74	0.1333333333
41	6.74	0.1333333333
42	6.74	0.1333333333
43	6.74	0.1333333333
44	6.74	0.1333333333
45	6.74	0.1333333333
46	6.57	0.1866666667
47	6.57	0.1866666667
48	6.57	0.1866666667
49	6.57	0.1866666667
50	6.57	0.1866666667
51	6.57	0.1866666667
52	6.57	0.1866666667
53	6.57	0.1866666667
54	6.57	0.1866666667
55	6.57	0.1866666667
56	6.57	0.1866666667
57	6.57	0.1866666667
58	6.57	0.1866666667
59	6.57	0.1866666667
60	6.57	0.1866666667
61	6.57	0.1866666667
62	6.57	0.1866666667
63	6.57	0.1866666667
64	6.57	0.1866666667
65	6.57	0.1866666667
66	6.57	0.1866666667
67	6.57	0.1866666667
68	6.57	0.1866666667
69	6.57	0.1866666667
70	6.57	0.1866666667
71	6.57	0.1866666667
72	6.57	0.1866666667
73	6.57	0.1866666667
74	6.57	0.1866666667
75	6.57	0.1866666667
76	6.77	0.3
77	6.77	0.3
78	6.77	0.3
79	6.77	0.3
80	6.77	0.3
81	6.77	0.3
82	6.77	0.3
83	6.77	0.3
84	6.77	0.3
85	6.77	0.3
86	6.77	0.3
87	6.77	0.3
88	6.77	0.3
89	6.77	0.3
90	6.77	0.3
91	6.77	0.3
92	6.77	0.3
93	6.77	0.3
94	6.77	0.3
95	6.77	0.3
96	6.77	0.3
97	6.77	0.3
98	6.77	0.3
99	6.77	0.3
100	6.77	0.3
101	6.77	0.3
102	6.77	0.3
103	6.77	0.3
104	6.77	0.3
105	6.77	0.3
106	7.67	0.3033333333
107	7.67	0.3033333333
108	7.67	0.3033333333
109	7.67	0.3033333333
110	7.67	0.3033333333
111	7.67	0.3033333333
112	7.67	0.3033333333
113	7.67	0.3033333333
114	7.67	0.3033333333
115	7.67	0.3033333333
116	7.67	0.3033333333
117	7.67	0.3033333333
118	7.67	0.3033333333
119	7.67	0.3033333333
120	7.67	0.3033333333
121	7.67	0.3033333333
122	7.67	0.3033333333
123	7.67	0.3033333333
124	7.67	0.3033333333
125	7.67	0.3033333333
126	7.67	0.3033333333
127	7.67	0.3033333333
128	7.67	0.3033333333
129	7.67	0.3033333333
130	7.67	0.3033333333
131	7.67	0.3033333333
132	7.67	0.3033333333
133	7.67	0.3033333333
134	7.67	0.3033333333
135	7.67	0.3033333333
136	7.94	0.21
137	7.94	0.21
138	7.94	0.21
139	7.94	0.21
140	7.94	0.21
141	7.94	0.21
142	7.94	0.21
143	7.94	0.21
144	7.94	0.21
145	7.94	0.21
146	7.94	0.21
147	7.94	0.21
148	7.94	0.21
149	7.94	0.21
150	7.94	0.21
151	7.94	0.21
152	7.94	0.21
153	7.94	0.21
154	7.94	0.21
155	7.94	0.21
156	7.94	0.21
157	7.94	0.21
158	7.94	0.21
159	7.94	0.21
160	7.94	0.21
161	7.94	0.21
162	7.94	0.21
163	7.94	0.21
164	7.94	0.21
165	7.94	0.21
166	8.21	0.2066666667
167	8.21	0.2066666667
168	8.21	0.2066666667
169	8.21	0.2066666667
170	8.21	0.2066666667
171	8.21	0.2066666667
172	8.21	0.2066666667
173	8.21	0.2066666667
174	8.21	0.2066666667
175	8.21	0.2066666667
176	8.21	0.2066666667
177	8.21	0.2066666667
178	8.21	0.2066666667
179	8.21	0.2066666667
180	8.21	0.2066666667
181	8.21	0.2066666667
182	8.21	0.2066666667
183	8.21	0.2066666667
184	8.21	0.2066666667
185	8.21	0.2066666667
186	8.21	0.2066666667
187	8.21	0.2066666667
188	8.21	0.2066666667
189	8.21	0.2066666667
190	8.21	0.2066666667
191	8.21	0.2066666667
192	8.21	0.2066666667
193	8.21	0.2066666667
194	8.21	0.2066666667
195	8.21	0.2066666667
196	8.46	0.32
197	8.46	0.32
198	8.46	0.32
199	8.46	0.32
200	8.46	0.32
201	8.46	0.32
202	8.46	0.32
203	8.46	0.32
204	8.46	0.32
205	8.46	0.32
206	8.46	0.32
207	8.46	0.32
208	8.46	0.32
209	8.46	0.32
210	8.46	0.32
211	8.46	0.32
212	8.46	0.32
213	8.46	0.32
214	8.46	0.32
215	8.46	0.32
216	8.46	0.32
217	8.46	0.32
218	8.46	0.32
219	8.46	0.32
220	8.46	0.32
221	8.46	0.32
222	8.46	0.32
223	8.46	0.32
224	8.46	0.32
225	8.46	0.32
226	8.14	0.39
227	8.14	0.39
228	8.14	0.39
229	8.14	0.39
230	8.14	0.39
231	8.14	0.39
232	8.14	0.39
233	8.14	0.39
234	8.14	0.39
235	8.14	0.39
236	8.14	0.39
237	8.14	0.39
238	8.14	0.39
239	8.14	0.39
240	8.14	0.39
241	8.14	0.39
242	8.14	0.39
243	8.14	0.39
244	8.14	0.39
245	8.14	0.39
246	8.14	0.39
247	8.14	0.39
248	8.14	0.39
249	8.14	0.39
250	8.14	0.39
251	8.14	0.39
252	8.14	0.39
253	8.14	0.39
254	8.14	0.39
255	8.14	0.39
256	7.91	0.41
257	7.91	0.41
258	7.91	0.41
259	7.91	0.41
260	7.91	0.41
261	7.91	0.41
262	7.91	0.41
263	7.91	0.41
264	7.91	0.41
265	7.91	0.41
266	7.91	0.41
267	7.91	0.41
268	7.91	0.41
269	7.91	0.41
270	7.91	0.41
271	7.91	0.41
272	7.91	0.41
273	7.91	0.41
274	7.91	0.41
275	7.91	0.41
276	7.91	0.41
277	7.91	0.41
278	7.91	0.41
279	7.91	0.41
280	7.91	0.41
281	7.91	0.41
282	7.91	0.41
283	7.91	0.41
284	7.91	0.41
285	7.91	0.41
286	8.6	0.4333333333
287	8.6	0.4333333333
288	8.6	0.4333333333
289	8.6	0.4333333333
290	8.6	0.4333333333
291	8.6	0.4333333333
292	8.6	0.4333333333
293	8.6	0.4333333333
294	8.6	0.4333333333
295	8.6	0.4333333333
296	8.6	0.4333333333
297	8.6	0.4333333333
298	8.6	0.4333333333
299	8.6	0.4333333333
300	8.6	0.4333333333
301	8.6	0.4333333333
302	8.6	0.4333333333
303	8.6	0.4333333333
304	8.6	0.4333333333
305	8.6	0.4333333333
306	8.6	0.4333333333
307	8.6	0.4333333333
308	8.6	0.4333333333
309	8.6	0.4333333333
310	8.6	0.4333333333
311	8.6	0.4333333333
312	8.6	0.4333333333
313	8.6	0.4333333333
314	8.6	0.4333333333
315	8.6	0.4333333333
316	9.09	0.3166666667
317	9.09	0.3166666667
318	9.09	0.3166666667
319	9.09	0.3166666667
320	9.09	0.3166666667
321	9.09	0.3166666667
322	9.09	0.3166666667
323	9.09	0.3166666667
324	9.09	0.3166666667
325	9.09	0.3166666667
326	9.09	0.3166666667
327	9.09	0.3166666667
328	9.09	0.3166666667
329	9.09	0.3166666667
330	9.09	0.3166666667
331	9.09	0.3166666667
332	9.09	0.3166666667
333	9.09	0.3166666667
334	9.09	0.3166666667
335	9.09	0.3166666667
336	9.09	0.3166666667
337	9.09	0.3166666667
338	9.09	0.3166666667
339	9.09	0.3166666667
340	9.09	0.3166666667
341	9.09	0.3166666667
342	9.09	0.3166666667
343	9.09	0.3166666667
344	9.09	0.3166666667
345	9.09	0.3166666667
346		7.45	0.1266666667
347		7.45	0.1266666667
348		7.45	0.1266666667
349		7.45	0.1266666667
350		7.45	0.1266666667
351		7.45	0.1266666667
352		7.45	0.1266666667
353		7.45	0.1266666667
354		7.45	0.1266666667
355		7.45	0.1266666667
356		7.45	0.1266666667
357		7.45	0.1266666667
358		7.45	0.1266666667
359		7.45	0.1266666667
