13.625450
13.625450
13.612727
13.612727
13.533798
13.515345
13.515345
13.393769
13.393769
13.393769
13.393769
13.393769
13.393769
13.247964
13.247964
13.247964
13.247964
12.914582
12.914582
12.914582
12.914582
12.914582
12.914582
12.914582
12.914582
12.914582
12.914582
12.914582
12.914582
12.914582
12.914582
12.914582
12.914582
12.914582
12.914582
12.914582
12.914582
12.914582
12.914582
12.914582
12.914582
12.914582
12.914582
12.914582
12.914582
12.914582
12.914582
12.914582
12.914582
12.914582
12.914582
12.914582
12.914582
12.914582
12.914582
12.914582
12.914582
12.914582
12.914582
12.914582
12.914582
12.914582
12.914582
12.914582
12.914582
12.914582
12.914582
12.914582
12.914582
12.914582
12.914582
12.914582
12.914582
12.914582
12.914582
12.914582
12.914582
12.914582
12.914582
12.914582
12.914582
12.914582
12.914582
12.914582
12.914582
12.914582
12.914582
12.914582
12.914582
12.914582
12.914582
12.914582
12.914582
12.914582
12.914582
12.914582
12.914582
12.914582
12.914582
12.914582
12.914582
12.914582
12.914582
12.914582
12.914582
12.914582
12.914582
12.914582
12.914582
12.914582
12.914582
12.914582
12.914582
12.914582
12.914582
12.914582
12.914582
12.914582
12.914582
12.914582
12.914582
12.914582
12.914582
