0 3922.195642 3467.039459
1 1882.554730 3510.753525
2 2484.047621 571.864403
3 1963.916299 2546.107227
4 3089.696041 1975.520021
5 4709.011724 2409.821842
6 1634.392959 3560.963030
7 2759.819927 2026.556353
8 1188.574659 3152.378443
9 2076.859217 2695.739159
10 418.375890 501.130017
11 5347.576912 417.342626
12 4947.177546 318.425159
13 842.518860 2120.253661
14 3180.169043 3806.683046
15 2273.377400 3875.859450
16 5199.328638 1187.020720
17 4023.693378 1687.403124
18 1960.464550 598.990626
19 5416.550860 244.511369
20 3166.442659 2954.846232
21 3086.489140 2368.239033
22 3488.868400 29.065730
23 392.292141 1041.102220
24 1858.878984 2669.879390
25 3765.247698 2888.184030
26 3477.460592 574.489850
27 2626.054194 120.776605
28 2165.311562 2252.580518
29 852.504402 1767.633750
30 2564.525574 2255.310816
31 3012.751853 3127.699729
32 240.469451 2721.109098
33 1726.805298 2023.304758
34 5112.198234 496.827465
35 4707.586311 555.052940
36 3801.706625 1939.938771
37 747.327311 498.388497
38 4831.237175 3665.184398
39 1664.337123 1616.457357
40 1933.816854 2914.230154
41 4561.368815 1973.627053
42 146.566357 2888.290548
43 2681.236876 3154.778050
44 4100.345606 1959.677499
45 1215.523464 1241.606680
46 1278.378821 3495.975355
47 784.758721 2751.651255
48 3801.633364 1482.222622
49 5031.336073 827.477867
50 5401.724833 53.819126
51 1583.547057 2543.338434
52 5357.948880 624.274232
53 3645.125825 3246.973235
54 4579.161013 904.655851
55 4236.568294 59.635193
56 4335.539428 336.089673
57 331.403587 3295.557819
58 4429.640618 3531.703249
59 2207.488424 3695.210404
60 994.653825 1233.339549
61 1995.109857 1718.644496
62 770.262999 3429.114165
63 1320.118322 1852.812425
64 902.392306 739.603856
65 5039.443516 2371.390544
66 1770.979063 3048.281148
67 4423.223037 3279.073352
68 1742.012450 179.579207
69 3416.431874 1176.039961
70 2248.756645 1915.937462
71 1085.444775 2938.666561
72 4737.897917 2226.129812
73 2274.842043 467.710350
74 4741.414704 2804.739768
75 1441.012729 45.288857
76 1568.093370 3820.981696
77 2766.405848 977.000384
78 4972.994179 2099.709563
79 2666.155111 1210.187721

0 4571.387303 3423.346756
1 1455.594231 3848.755006
2 2154.691679 182.979010
3 1403.497922 2913.381311
4 3256.532575 1763.983156
5 5114.411837 2431.118158
6 1848.776564 3616.081254
7 2595.636708 2148.936796
8 1331.964913 3536.463564
9 1687.540364 2909.835293
10 3679.657285 1262.969500
11 1545.994107 38.320079
12 4269.507902 328.709913
13 188.865787 2174.804529
14 3410.907549 3831.446817
15 2269.055033 3606.459959
16 859.120418 2525.373517
17 4361.821764 1904.532097
18 1421.411216 509.833359
19 3460.264292 179.556476
20 3708.135404 2599.641768
21 2915.574760 2325.325708
22 4011.098880 451.974301
23 565.429657 1003.018155
24 3591.009837 3488.135559
25 4157.014474 3353.826072
26 89.668943 3145.006549
27 1507.781883 2307.054492
28 2238.729343 2148.607075
29 4699.788276 2001.045881
30 2767.289560 2543.200365
31 2967.982332 1754.124451
32 2035.471589 2187.798530
33 2021.288940 1705.996173
34 5287.276947 386.842013
35 5347.393973 9.434130
36 4195.937508 2055.564008
37 761.035626 530.860433
38 4450.075724 3711.788219
39 1814.033231 1469.726824
40 1787.064523 3139.085919
41 2892.364971 1247.410451
42 439.243584 2923.914219
43 2704.163449 3569.776768
44 2042.389352 1092.998389
45 842.391845 827.731874
46 625.955482 3666.638868
47 228.431323 2833.142938
48 3866.381790 1183.139489
49 3555.143637 3113.768327
50 4947.361845 2682.209703
51 1286.917703 2526.923455
52 1450.311616 203.904442
53 469.490020 31.772693
54 4623.985549 478.125267
55 3330.648893 3591.638906
56 4834.725330 196.648226
57 4790.611688 908.264063
58 4809.255477 3787.335903
59 1988.532376 3898.032254
60 1087.534716 905.836534
61 2239.465785 1401.851552
62 678.887283 3463.395828
63 813.592624 1775.960794
64 5257.331354 1162.657940
65 2487.792805 890.004303
66 4222.834677 802.215189
67 3780.504611 3705.442588
68 4050.902193 2574.655775
69 3877.905682 861.944587
70 2553.457911 1658.737932
71 3128.237079 1168.230155
72 4667.223323 2560.682043
73 1943.378014 163.106021
74 4321.637247 2832.594339
75 807.782047 364.610463
76 1633.102489 3897.813260
77 3113.823900 579.056835
78 5224.236708 2027.821817
79 2498.794789 1089.634332

0 3849.483087 3781.870235
1 1394.297288 3868.660711
2 2613.853000 109.334382
3 2182.583110 2863.577466
4 3397.571320 1806.556294
5 5040.752617 2493.739650
6 1538.430139 3695.459032
7 2858.768713 2139.273449
8 503.463451 3623.013679
9 2116.902365 2661.457669
10 756.758246 86.582688
11 1906.264534 292.995438
12 3919.977280 47.234410
13 383.377624 1862.580899
14 4556.218481 2185.198536
15 2187.550888 3567.770192
16 3549.232773 956.355926
17 4686.592103 1451.730640
18 1061.147558 1416.957079
19 4133.168836 283.087945
20 3225.903274 2817.509046
21 3436.270385 2154.360981
22 3220.170130 77.259056
23 814.995839 1119.222904
24 3199.747781 3048.469900
25 3731.086313 2957.899367
26 312.541023 3144.638428
27 3071.442133 536.715880
28 1966.724542 2512.970866
29 4074.760828 1881.716947
30 2692.421985 2393.507633
31 4638.299077 3544.973825
32 4209.509001 3095.583999
33 3273.023814 823.426113
34 5130.453523 505.586787
35 5435.034236 57.366082
36 4644.794420 0.418324
37 492.180639 46.747051
38 4140.870613 3879.362888
39 1748.645193 1461.170429
40 4012.792458 3707.086220
41 5084.532624 2174.190188
42 1475.946479 3246.398899
43 3043.610005 3370.078689
44 844.740045 2976.531697
45 3449.855983 3654.036804
46 1246.230330 3732.995430
47 163.108083 2554.273242
48 4296.423839 1231.324683
49 4049.284679 530.131757
50 4625.960815 2854.326344
51 1235.432475 2967.207717
52 3406.544952 293.840939
53 512.568855 2581.614767
54 4428.762133 1045.533677
55 4909.378908 281.044425
56 3847.245968 3479.495568
57 4598.749060 904.666668
58 5052.355383 3752.927996
59 2363.281052 3782.697145
60 532.505520 1353.584711
61 1694.714926 1832.713484
62 394.094545 3893.516369
63 2162.511435 26.133298
64 853.995176 628.856664
65 5013.500984 2685.636987
66 1075.845564 2263.091284
67 693.988812 2495.377168
68 2818.370312 302.551585
69 3503.474949 1139.878168
70 2586.897385 1911.656124
71 330.551198 3423.205616
72 4209.793239 1969.581483
73 1987.641659 463.795989
74 1931.894270 2892.083390
75 1564.145172 594.720471
76 1798.934160 3665.566433
77 3015.567445 955.025295
78 4113.858452 2388.316657
79 2064.895508 2102.110878

0 2112.057368 1752.055852
1 5013.520507 3306.076544
2 1590.828005 43.474762
3 705.222019 524.029996
4 4838.174702 3792.994895
5 5125.039060 410.504500
6 4732.826558 1035.402734
7 3244.642253 337.670112
8 1539.956493 2659.803191
9 4059.390516 2141.282417
10 1875.357843 327.844274
11 1680.185791 230.779383
12 2575.851180 305.089733
13 3511.015044 196.115988
14 2634.317612 2927.767685
15 1847.626560 3860.470059
16 2444.176486 1132.145728
17 3453.488610 655.871714
18 869.224639 1349.431860
19 1264.822986 3083.007723
20 4264.283552 3898.413792
21 2411.801815 256.584247
22 1064.419059 1130.114494
23 1147.556623 1982.816295
24 3844.535235 34.753956
25 4478.022934 2981.111421
26 4707.403595 3119.377599
27 211.303682 3694.631663
28 100.694643 3279.352944
29 3456.657560 894.421218
30 3030.076406 2228.216101
31 2380.019103 3161.921096
32 1921.540606 3700.076066
33 578.134684 3893.618691
34 4476.456970 527.425408
35 2830.964865 753.354689
36 4503.184784 3144.250885
37 3425.924131 2449.863498
38 5003.669591 3902.363536
39 2960.098586 3316.618895
40 5017.368962 553.078691
41 5133.133923 2437.503898
42 433.646107 3291.573628
43 2082.294086 1539.531054
44 862.680687 701.973102
45 4346.996881 743.559182
46 2724.493491 3117.406129
47 2370.778300 3794.475460
48 3086.735548 3705.899099
49 2478.692498 1979.357364
50 1270.342462 942.045083
51 1111.159504 3424.905283
52 3917.985008 197.948599
53 4553.801359 3837.610682
54 1414.721836 230.627003
55 3749.677652 684.736734
56 3751.862650 2900.704348
57 0.147361 3906.976686
58 3430.055833 3818.242534
59 3567.722576 2919.867405
60 3051.900378 886.932607
61 4669.471640 126.554300
62 4145.234963 515.664883
63 1176.631719 389.465249
64 2522.154812 76.183912
65 4683.751899 3487.436714
66 674.848350 2551.519832
67 239.579914 3158.171992
68 2913.955825 200.451833
69 517.064405 332.563487
70 1478.171684 1087.395172
71 1505.647362 3841.275043
72 3799.264351 3681.529595
73 209.752024 2426.404760
74 823.494954 3392.718489
75 303.893038 1868.175927
76 3264.480830 3883.270788
77 4285.633655 138.258566
78 4122.856572 1573.090004
79 5059.079583 1728.797993

0 3367.652559 1018.306893
1 5017.806789 3617.722413
2 1856.641392 9.778105
3 2524.827568 249.337967
4 4085.695318 3596.150777
5 3815.313334 17.091798
6 4320.506916 418.740803
7 2756.109471 132.850967
8 1493.109824 2236.757329
9 2509.332800 1446.037468
10 820.576016 58.321038
11 767.119472 2011.144698
12 3214.828146 729.467842
13 4496.405947 160.036331
14 960.043508 2597.238630
15 2294.977752 3896.545932
16 1672.430270 233.528855
17 3301.630287 24.357650
18 4013.497615 3424.752617
19 794.780577 3280.819639
20 4563.219587 3544.534874
21 4021.386227 888.712535
22 1333.954355 582.836008
23 2104.733007 2712.369546
24 4812.200755 1937.600900
25 3306.199971 3541.684246
26 5067.894591 750.134206
27 216.651422 3798.084561
28 1644.667948 3630.319886
29 3859.263120 299.354705
30 4474.288836 2870.974326
31 995.314712 864.810440
32 2811.096438 3797.704225
33 2791.157755 3101.320614
34 5286.247176 1541.988274
35 1812.264470 970.363249
36 4229.273192 3495.263683
37 3602.182330 3514.832398
38 4604.205938 3248.896269
39 3464.987882 2826.699805
40 4364.496001 1496.354168
41 4286.515037 2358.171316
42 636.592608 3254.451032
43 2140.409359 2184.467068
44 571.387609 2081.536085
45 4150.891765 1070.324853
46 183.072619 3177.658409
47 1291.033387 3868.867668
48 5265.639496 718.327153
49 3465.620422 1379.054307
50 1606.436961 727.182952
51 635.891430 2265.525565
52 3096.707401 93.858142
53 3031.617472 2530.236543
54 2958.155550 3564.121471
55 2145.735866 591.333158
56 4324.336604 3901.560283
57 1333.060069 3480.177753
58 5401.769262 272.626674
59 4819.882151 3857.844918
60 4705.483843 739.710184
61 4362.505710 720.382508
62 3490.271422 1759.796216
63 1825.305108 1404.410598
64 4993.887803 1226.561892
65 4081.433307 2601.768089
66 237.958418 3620.052006
67 281.062557 2323.209743
68 1750.906705 2570.112906
69 630.706382 448.789533
70 376.279692 736.111391
71 3750.086679 3617.940204
72 3816.110209 2733.657975
73 1235.847343 2400.642114
74 2705.599985 1786.047229
75 1597.959047 2908.020444
76 5022.792627 3887.154121
77 3825.645578 495.827766
78 2498.524735 592.235814
79 4045.224320 1956.248158

0 850.947539 1377.135249
1 4698.101927 3875.154967
2 606.672364 125.021916
3 5328.256469 118.537099
4 3534.793076 3376.133923
5 4118.945605 703.610781
6 2201.873513 7.499288
7 1377.253650 894.101152
8 3039.952883 2935.402876
9 4426.834644 1213.736891
10 3354.226549 676.545219
11 1337.552296 20.646051
12 4951.779091 129.239863
13 5136.203669 375.850009
14 2360.618875 1671.156257
15 1793.148805 3866.772577
16 641.965679 319.519604
17 1299.154272 451.543472
18 3247.031510 3820.178563
19 3890.605709 2451.794894
20 3650.075062 2491.784348
21 3838.668539 485.236518
22 941.485167 412.447194
23 1764.756179 3491.584886
24 3008.147566 732.967891
25 4388.048372 3849.805246
26 5194.447129 1807.449109
27 295.084855 3892.984902
28 1352.000010 3272.542384
29 4924.298400 1286.756645
30 5027.777220 3636.435060
31 4263.333624 37.389191
32 2919.256197 3851.320616
33 3813.565410 3246.401766
34 3327.975476 3083.070714
35 462.797876 2308.688442
36 4226.470281 3840.531726
37 2530.652261 3873.915893
38 3774.913240 3721.684069
39 720.714725 3783.463307
40 5097.848497 2621.067322
41 4479.984704 2810.485972
42 515.425857 2703.870536
43 1023.923049 2075.619479
44 1027.830535 2407.098783
45 328.728862 3477.977639
46 268.684083 2675.958190
47 1642.907413 1187.383336
48 414.542579 2526.201188
49 2790.375805 2653.961168
50 3290.759991 150.739977
51 693.512954 1523.790373
52 4580.367876 271.107173
53 467.698751 1202.163573
54 691.467541 3124.257308
55 1926.232968 406.183167
56 3703.610713 3565.268484
57 1987.699691 607.343695
58 4759.967045 140.379772
59 1334.772401 3858.063931
60 4283.062481 532.474529
61 3411.230449 267.773886
62 1523.798747 526.494597
63 1060.162126 641.342623
64 5188.142038 218.829163
65 4621.854538 3537.966674
66 263.940985 1670.342231
67 1058.748269 3906.411236
68 174.614701 2299.052293
69 738.939189 957.957969
70 153.020927 3543.447650
71 2118.994274 3669.832442
72 4759.340882 3123.423146
73 257.722531 2986.456697
74 4206.280960 1696.317756
75 2089.021206 2809.691083
76 5018.080355 1704.780816
77 1174.359575 1844.182155
78 3310.591957 1579.074059
79 4176.694476 1323.578868

