16.093018
15.511769
17.349414
15.290783
16.496332
17.456155
16.440193
15.623535
15.806778
15.830213

15.553976
14.802867
15.595290
14.133563
15.287890
14.751143
15.724203
14.758318
15.497137
15.677456

15.556744
14.909256
15.299326
14.133563
16.057725
16.291061
16.076691
16.222968
16.224353
15.484492

13.817223
13.490584
15.059331
14.133563
14.852351
14.144408
15.112755
15.065447
14.336641
15.459182

14.885624
15.392428
14.482622
13.901138
14.316689
14.567808
15.118251
14.167798
14.430043
15.137555

14.789003
14.005146
14.600285
14.991411
14.264146
14.464411
14.449969
15.189522
14.168520
16.046190

15.219489
14.616616
15.445320
14.894143
14.490941
14.118496
14.971334
14.179908
14.736546
14.035672

14.159557
13.326534
15.043721
13.920847
14.365650
14.898464
14.132982
15.063730
14.606996
14.267264

14.125175
14.125128
15.210846
13.959018
14.441165
14.674848
15.386680
15.449472
14.948815
14.880370

14.213301
13.361785
14.733861
14.802352
14.849190
14.329423
15.141189
15.380879
14.217243
15.132668

13.922604
14.341477
14.681509
14.753830
14.122081
13.725328
14.937594
14.447913
15.516349
14.734835

14.777205
13.958616
14.615863
14.216056
13.891807
14.690317
14.402556
14.157860
14.581631
14.618415

14.462556
13.707081
14.431754
14.302541
14.300742
14.265295
14.606684
14.063334
14.713979
14.125002

15.458605
13.707510
14.451969
13.988336
14.907613
14.626903
14.319199
14.902225
14.441484
13.592350

14.655248
13.761322
15.172011
14.574377
14.008681
14.209845
15.300864
14.256441
14.242212
14.045968

14.943693
13.851477
13.640116
14.234789
14.009658
14.805877
14.353037
14.612719
14.844442
13.835162

13.930007
14.168809
14.753107
15.845265
14.365768
13.821109
15.121253
14.974263
14.395837
14.504208

13.865239
14.593639
13.669406
15.322232
14.232254
14.493681
14.421919
14.603419
14.485835
14.254216

14.512743
13.977829
14.828231
15.100725
14.153488
15.551268
14.855736
14.484862
14.007810
14.044944

14.223432
13.780495
14.350342
13.872046
14.636761
15.371572
14.608282
14.222673
15.244321
14.300671

14.190154
13.836013
14.178120
14.437514
14.866327
14.645489
14.978253
14.052710
14.292925
14.245487

14.568213
14.386567
14.378247
14.898007
14.441588
14.504189
14.712171
14.667745
14.666859
14.951359

14.400402
13.922163
14.450276
14.572707
14.616929
13.995752
14.471970
14.235317
14.835172
14.434113

14.054459
14.218691
14.839750
14.044352
14.375747
14.290830
15.267257
14.305438
15.018317
14.962911

14.475762
13.715550
13.955493
15.640527
14.197594
14.899854
14.671351
15.226588
13.817270
14.896795

14.321991
13.655380
14.494133
14.760832
14.553949
14.071734
14.820952
13.593509
14.222739
14.785787

14.302629
14.141667
14.440353
14.581897
14.345598
14.607162
13.998338
14.764498
14.220147
14.317070

13.892965
14.330998
14.293352
14.889491
14.550691
15.169482
14.796060
14.628131
14.394967
13.255105

14.703261
14.851345
14.518564
14.892154
14.293571
14.333148
14.420385
14.763522
14.779559
15.842525

15.138707
14.519503
14.560067
14.799348
15.180793
14.159617
15.166390
14.397331
15.182575
14.069070

14.503040
14.527024
14.860451
14.154119
14.729288
14.543468
13.737158
14.805549
13.669356
14.617854

14.468039
14.080943
15.055766
14.679820
14.673748
14.166299
14.747468
14.372169
13.993954
14.632567

13.691057
14.107751
15.098456
15.193202
13.995480
14.845178
13.939829
15.103627
14.085720
14.221141

14.665515
14.635066
14.650469
14.621729
14.611503
14.593805
14.981368
14.066972
15.360322
13.990883

13.751792
14.932491
13.887061
14.144224
14.931552
14.369379
14.359861
14.171826
13.901784
13.917247

15.033501
14.473381
14.982009
14.705199
14.385718
15.356690
15.006053
14.359868
16.280510
14.651498

14.969905
14.460831
15.293119
14.231597
14.848285
14.795026
13.778114
14.934659
14.722426
13.872414

14.670214
14.385262
13.997421
14.513409
15.286633
14.822439
14.520796
14.861526
15.568078
14.864166

14.505145
14.172452
14.283516
15.142374
14.963405
15.016628
14.566830
15.044491
14.649816
14.581154

14.076348
14.177025
13.912400
16.296203
14.384093
14.150647
15.187797
13.994412
14.793452
13.542042

14.819936
14.226991
14.565446
14.497863
14.529573
14.776627
14.021504
15.242849
14.777060
14.172659

14.177891
14.104625
13.717154
14.359314
14.964388
15.116519
14.913853
14.683662
14.217336
13.648746

13.973730
14.603819
14.489452
14.501890
14.714162
14.612116
13.966417
14.923132
14.210434
13.806113

14.793476
15.232291
13.937569
14.900751
14.417714
13.783307
15.228251
14.282335
14.747649
13.700220

14.394379
14.872724
14.235107
14.926557
15.123292
14.131187
14.707100
14.366096
14.420603
14.093570

14.889725
14.695537
14.288664
14.432820
13.872917
14.216669
14.717219
14.046281
13.914225
13.715128

15.224351
14.907067
15.089883
15.025662
14.656860
14.494696
14.543671
15.156309
14.307671
14.084560

14.487224
13.886559
14.284637
14.487798
14.470191
14.666864
15.010448
14.177358
14.104916
14.138578

14.828051
14.930714
14.067818
15.121999
14.803091
15.070220
15.064331
14.523084
14.338930
14.067392

14.264985
14.810048
15.476222
14.858714
14.638478
13.853641
14.094693
14.138007
14.390163
13.986916

14.633050
14.523564
14.509980
14.893495
14.523146
14.090662
14.461421
14.667120
14.093899
14.337293

14.724858
14.878884
14.397489
14.494610
14.025229
13.690247
14.247974
14.662118
14.545244
13.647697

14.675262
14.833338
14.607485
14.351111
14.596765
15.030733
14.531555
14.554416
13.886077
14.239259

15.093123
14.730265
14.966335
14.742497
14.422101
14.537294
14.290891
14.510727
14.604927
13.471732

14.895564
15.171513
15.137263
14.399425
14.335336
14.527365
14.272575
14.845418
14.772594
14.249706

15.399215
14.586664
14.466788
14.200621
14.434841
14.728971
14.863960
14.984145
13.734899
14.521219

15.064334
13.191062
14.812822
13.777877
14.479185
14.400266
14.253387
14.566688
14.352685
13.831579

15.284235
15.413782
14.753052
14.505814
14.846333
13.972874
13.940049
15.239116
14.708457
15.357219

13.957962
14.199701
14.066769
13.971953
15.156317
14.599431
15.036225
14.277209
15.959195
14.581578

14.356753
15.115692
14.259655
15.124529
14.753774
14.175247
14.266052
14.729305
14.792534
15.008949

14.406733
14.613986
14.082121
13.540348
14.174021
15.284974
14.937500
13.856991
14.615852
13.736052

14.367420
14.475316
14.628442
14.970399
14.175907
14.491563
14.396134
13.991596
15.080112
14.512890

13.977473
14.447632
15.079966
14.524101
14.619063
14.604841
15.203738
14.802596
14.239206
14.555872

14.905431
13.843088
15.386622
14.401659
15.322818
14.239211
13.703070
15.195485
14.324845
14.879865

14.892394
14.343845
14.149906
14.171378
14.165585
14.184628
15.063703
14.420280
14.177397
14.897758

14.700781
13.297062
15.048205
14.339563
14.050123
14.238315
13.574420
14.302741
14.604156
13.873849

14.739956
13.964383
14.539830
13.743577
14.559200
15.259469
13.659838
14.778885
14.536342
14.049543

14.020980
14.619158
14.805449
15.362810
14.611274
14.948330
15.262997
13.954529
15.007416
14.162323

14.058096
14.064302
14.304794
14.512667
14.378813
15.051346
14.436539
14.357916
14.727539
15.109703

14.413608
13.369220
14.009177
14.560218
14.624477
14.314190
14.519901
15.192593
14.107156
13.633981

14.274946
14.340805
15.481443
14.309627
15.246169
14.013245
15.160334
15.351084
14.506031
14.654558

14.468242
14.259384
15.086423
14.609854
14.872190
14.252660
14.134595
14.721668
14.907599
13.823888

15.050224
13.823370
14.742737
13.901144
15.465166
14.826256
14.692645
14.434922
15.002761
15.112563

13.699725
13.620880
15.336417
14.510517
14.502300
13.696860
14.117421
14.875828
14.117211
14.315895

14.646827
14.375189
14.743425
15.283354
14.717091
14.338602
15.139984
13.675131
14.309136
14.055782

14.327350
13.994847
14.359208
14.487597
14.942829
14.927976
14.144840
14.294415
14.362892
14.348584

14.559442
13.577074
15.089366
13.676088
14.705663
14.560973
14.616347
13.913185
14.389050
14.370240

14.464607
13.813205
14.684633
14.216328
14.727752
14.077629
14.507761
14.163062
14.336730
14.825185

14.891318
14.498432
14.948772
15.174496
14.579784
14.331179
14.225314
14.609170
14.237355
14.395107

14.930623
14.186577
14.780096
14.732360
14.714142
14.518002
14.656387
14.236488
15.252891
14.956752

14.593829
13.944497
14.576699
15.234763
13.973883
14.786240
14.132164
14.823186
14.428896
13.942598

15.201544
14.464083
14.428870
14.554909
13.659381
14.795913
14.961783
14.243127
14.603498
14.499143

15.370964
13.705968
14.195203
14.018094
15.073859
13.908825
14.583270
15.567739
14.811690
14.592661

14.138382
14.322821
14.585171
14.375319
13.858671
14.170016
15.034261
15.109483
14.714660
14.279029

13.982142
13.562428
15.141422
14.694376
14.606387
14.881088
14.690069
14.533726
14.345105
14.500540

14.523165
14.693176
15.055231
14.174373
14.263451
15.060517
14.316883
15.112698
13.997407
14.119155

14.665533
13.842814
15.011850
14.703389
15.202435
13.735694
14.912786
14.705085
13.926769
14.648829

14.519385
14.450601
14.625423
14.388837
14.573899
15.019304
14.659809
14.613823
14.090525
14.407594

14.377624
13.413838
14.079751
15.567029
14.939084
15.610453
14.392311
14.613047
15.811342
15.154217

13.818245
14.275448
15.420180
14.184823
14.865402
14.567137
14.169857
14.162648
14.507661
14.577509

14.851505
13.924286
13.854689
14.607017
14.330189
14.457280
14.401492
14.590895
15.474152
14.109679

14.659180
13.416285
14.995610
14.112657
14.477974
14.956903
13.984912
14.128985
14.080613
14.162793

14.552385
14.225888
14.310473
14.341660
14.055901
14.104476
13.909163
14.618555
14.864236
14.363123

14.903465
14.241661
14.511079
13.756589
14.549179
14.614345
14.704746
14.477282
14.472112
15.044580

14.882906
14.021252
15.111900
13.939060
14.248286
14.656926
14.347404
14.558189
14.658641
14.282449

14.359633
14.623728
15.384621
14.984306
13.661660
14.937110
14.291358
14.618969
14.599867
14.005372

14.292135
14.307361
15.032685
14.173553
14.533618
14.083979
14.625223
14.801676
14.423824
13.909714

14.239780
13.972621
15.041293
14.343414
14.289586
14.559054
14.697180
15.059215
14.513874
13.786999

14.365075
13.554176
15.133213
14.943205
14.948497
14.989584
14.987217
15.064516
14.195977
14.974401

13.848674
13.181322
15.392553
14.097930
15.200565
14.214866
14.045151
14.595277
14.416799
14.356930

14.753361
15.674672
14.494331
13.941950
14.039752
14.447626
15.360229
14.443853
15.293288
14.562695

15.056692
13.894029
15.632290
14.920120
14.495912
14.976725
14.235691
14.691441
14.627060
14.206537

15.621504
14.214389
13.948676
15.152086
15.546632
14.934046
15.084266
14.845881
13.892309
14.157950

15.351408
13.843709
15.246790
15.019439
14.354662
14.143598
14.688479
15.384370
14.580333
15.057250

14.616316
14.878103
13.825816
14.335897
15.200862
14.521394
15.043672
14.933287
14.963618
13.855776

14.399180
13.963614
15.952202
15.364298
15.015866
14.964415
14.790454
14.555033
14.423604
14.087696

14.786504
14.332562
15.542815
14.382852
15.012594
13.777279
14.282116
14.787354
14.958614
14.621534

15.037667
14.714377
13.882462
14.916010
14.246809
15.174065
13.818110
14.083955
15.533005
14.590226

15.362871
14.940717
14.494689
13.874555
14.555123
14.975287
14.867572
14.248059
14.714019
14.082882

14.684392
14.484548
15.029935
14.524959
14.403594
15.008238
14.615675
13.359902
14.573873
14.725783

14.676991
14.361938
14.467781
14.729288
14.714998
15.059527
14.973008
15.097853
13.978650
13.675497

14.325813
13.765954
14.871453
14.952402
14.301713
15.105882
14.846496
14.104083
14.285541
14.161723

14.645144
13.782559
15.727560
15.042965
14.872847
15.098504
14.315923
14.805264
13.884347
15.017361

14.634916
14.010953
14.566352
13.602654
14.425959
15.101686
15.082336
14.412818
14.450276
14.559631

14.577360
13.891259
14.492083
14.036917
14.119237
14.657211
14.407026
15.361944
14.051990
14.809256

15.351310
13.928172
14.105178
14.298007
14.810262
13.960559
15.494921
14.732467
14.629917
14.143592

14.323642
14.363603
14.494513
14.414810
14.129604
14.683304
14.130228
13.936612
14.386917
15.215195

15.304590
13.968390
14.849972
13.763176
14.962886
14.640833
14.587550
13.864549
14.793238
13.946582

14.002837
13.962998
14.388773
14.972543
13.922651
14.356944
14.377332
14.502822
15.040102
13.818512

14.743320
14.096163
14.798768
14.695351
14.846276
14.534098
14.419358
13.938028
14.718678
14.201579

14.549495
13.963670
14.263910
14.462381
14.913796
15.416935
14.419274
14.982120
14.091893
14.394753

15.329212
14.484602
15.252811
14.933091
14.937371
15.001884
13.613003
14.375058
15.694183
14.768049

14.640764
13.895787
13.928079
15.386295
15.060372
16.170464
14.119151
15.476194
14.422853
14.504057

15.365340
14.635692
14.836209
14.977707
14.371750
14.910261
14.109324
14.738886
14.267861
15.434418

14.276967
13.710544
14.345389
14.240667
14.976458
14.508176
14.721650
15.569793
14.699223
14.423797

14.729887
14.373026
14.539213
15.273972
14.639142
15.064442
13.464206
15.272865
14.301701
14.329181

14.475493
14.677627
14.304399
14.727829
14.715036
14.347277
14.885935
14.793426
14.160542
14.261791

14.274642
13.946098
14.283958
14.055838
13.978797
14.075343
13.959439
14.271061
14.837714
14.333808

14.110701
13.717259
14.577708
15.187454
15.005784
15.088291
15.479944
14.598116
14.798028
14.108506

14.593644
13.741763
14.010857
14.612440
14.624015
14.592987
14.628348
13.941518
14.617671
15.586731

14.341773
14.112924
14.798399
14.289467
14.804550
13.896879
15.093792
15.477629
14.820879
13.877675

13.581477
13.920368
13.880832
14.095333
13.879861
14.443235
14.904456
13.693439
14.475276
14.550004

14.920306
14.211848
14.032491
14.539945
14.263588
15.055927
14.263231
14.165174
15.178141
14.555286

14.601028
14.426980
14.655056
14.429428
15.327668
14.382304
14.179089
14.048736
14.081133
15.188566

13.990610
14.539474
14.922963
14.385188
14.958355
14.381409
14.106873
14.277785
14.320526
15.098679

14.630435
14.197524
14.291264
14.899548
14.130345
15.079148
14.460886
15.410526
14.575476
14.707360

15.576087
14.134156
14.100335
14.787866
14.315524
14.756722
13.953805
15.106766
14.023439
14.291505

14.872070
13.537809
14.822540
14.399316
14.220532
14.601253
15.324045
13.657135
14.794129
15.014404

13.756262
13.512893
13.948595
14.615523
14.863443
14.440690
15.177947
14.375215
14.635065
13.756181

13.917604
14.149576
14.263531
13.966193
14.207937
14.551177
14.380680
13.836989
14.304255
14.034737

14.554000
14.144029
14.764622
13.753331
14.714210
14.539789
14.850580
14.364695
13.967037
14.708965

14.753722
14.060023
14.977165
14.417184
14.495375
13.611808
14.042088
14.747961
13.368736
14.526828

14.087786
14.320293
14.480858
14.525960
14.873687
14.698430
14.591715
14.721950
14.613402
14.833634

14.403079
13.659673
14.766949
14.082047
14.271694
14.903062
14.109407
14.484373
14.673422
14.324354

14.394441
13.819122
13.601979
14.742192
15.105091
14.360893
14.712327
14.532003
14.444869
14.373529

14.813413
14.087422
14.675251
14.584164
14.363681
14.347208
14.402445
14.341562
13.831330
13.774895

14.567125
14.703684
14.205398
14.510676
14.959869
14.593156
13.996468
14.743490
14.720268
14.445584

13.519279
14.009076
13.846060
14.175945
14.501154
14.601534
15.067689
13.652901
14.129832
14.409746

15.069397
14.212314
14.409200
15.041361
14.615398
14.326182
13.885366
14.378182
14.483621
14.296993

13.875195
14.296839
14.935960
13.997276
14.571392
14.350219
13.776979
13.588011
14.960919
15.293059

14.855859
13.862092
14.863243
14.878516
14.485829
14.856588
13.920122
15.019827
14.804146
14.228352

14.369352
14.682035
14.644877
14.138009
14.075690
14.377403
14.705520
14.854216
14.549211
14.509586

14.612075
13.661153
14.353541
14.053500
13.506653
14.811126
14.552539
13.636426
14.721578
14.185166

15.392308
14.022289
15.075410
14.453185
14.581512
15.109388
14.384339
15.576263
14.530134
14.186546

13.788924
14.958825
14.301305
15.084644
14.734826
14.042172
14.706514
13.655799
14.233003
14.785261

14.812594
13.721882
15.146083
14.242968
14.443801
14.984437
14.636566
14.529185
14.334699
14.761420

14.125726
14.188875
14.548075
14.563486
15.350395
14.521239
14.757341
15.022388
14.402815
15.128278

14.286695
13.417353
14.539310
13.931976
14.681209
14.868391
14.064379
13.777954
15.353033
14.746110

15.237881
13.403600
15.159321
14.460293
14.613942
14.517101
14.439650
13.988979
14.308667
13.999253

14.103718
13.978155
14.969320
14.270671
14.520655
15.046321
14.095738
13.964008
15.930016
14.348839

15.009515
13.483824
14.665900
14.693733
14.590584
14.714536
13.645353
14.758181
14.852293
14.278856

14.441738
14.354186
15.360082
15.213366
13.780298
15.462992
13.583557
14.607396
15.202493
14.979798

14.360799
14.682482
14.751293
14.006727
14.776156
14.282853
14.380512
14.477896
14.995804
14.080135

14.367899
14.042965
14.385570
15.050516
14.345222
14.879789
13.932495
14.870895
13.956784
13.861252

14.085864
13.804499
15.423059
14.731762
14.008978
14.255351
15.639711
14.952179
14.223762
14.837629

14.706652
14.618551
13.557911
14.552344
14.774457
14.472934
14.470270
15.287727
15.053743
14.214025

14.377274
14.499812
15.272607
14.752653
13.982442
15.005984
15.263608
15.609720
13.905367
14.321196

13.864786
14.927195
14.586708
15.055436
15.131010
14.852613
14.035469
15.043611
14.423128
14.758206

13.870053
13.316085
15.304904
14.547007
13.743375
14.149771
14.786757
14.110678
14.245785
14.456801

14.036789
13.712925
14.178668
14.031615
14.995913
14.559412
14.022239
14.425043
14.447629
13.868445

14.191345
14.626878
13.933079
14.625125
14.327210
14.844881
14.004913
14.200719
14.215818
15.016455

13.669744
14.051218
14.594240
14.788596
14.531125
15.101537
14.074782
14.419813
14.582654
14.667105

14.098003
14.343522
14.848508
15.038659
14.366417
15.045247
13.798027
14.554087
14.180276
14.705792

14.477526
14.591063
14.531002
13.872474
14.479678
14.729870
14.113445
14.475809
15.328778
13.560961

15.235073
14.113551
14.869631
14.440335
14.460644
16.615936
14.316850
14.221855
13.824693
14.338422

14.058876
14.151959
13.999059
14.302814
14.290533
15.275784
14.635604
14.203456
13.923473
14.261461

14.191884
13.974924
14.927662
14.940645
14.173663
15.059671
14.183999
14.449783
14.807706
14.496031

13.664976
14.200151
14.894935
15.111524
15.090132
14.082788
13.797003
14.752847
13.963342
14.172920

14.571504
14.660121
14.592889
14.619370
14.995569
14.389805
15.152109
14.149129
13.929131
14.173938

14.330387
14.042829
14.909645
14.737178
14.356167
14.723066
13.913618
14.812081
14.657201
14.456387

14.065378
13.787136
14.915882
14.399499
15.385450
14.693132
14.792638
14.620325
14.451859
13.917391

14.244966
14.156728
14.205947
14.577868
15.253677
14.770280
13.508522
14.832811
14.569082
14.388873

14.545763
13.997762
14.172581
13.817763
14.547047
14.008561
14.379224
13.738663
15.055633
14.141306

14.419674
14.259198
14.137357
14.643570
14.245700
14.527942
14.753441
15.382054
14.283135
14.316665

14.326334
14.592208
14.343867
14.405185
14.456261
14.934108
14.354749
14.883105
14.876570
14.376405

14.741614
13.399224
14.041526
15.141004
14.464258
14.968384
15.181401
14.903352
14.213780
14.365099

14.833982
14.056907
14.256381
14.618392
14.565145
14.555908
14.345996
14.813801
13.398208
14.627751

14.686773
13.492644
14.056415
15.437490
15.045707
14.455455
14.109383
14.588003
14.048999
14.745249

14.145958
13.648937
14.052036
14.646287
14.455180
15.207540
14.111671
14.175462
14.299904
14.468616

14.226478
13.750287
14.379796
15.132198
15.039106
14.381503
14.361007
14.910348
13.934847
14.859030

14.407020
13.632081
13.956696
14.721252
14.548683
13.990949
13.946085
14.014148
14.697309
14.371172

14.918378
13.637496
14.719448
15.158901
14.723134
13.896893
14.662899
14.376461
13.842637
15.240877

14.222962
14.209040
14.173659
14.816899
15.169897
14.612706
14.009319
14.052390
14.314114
14.734568

14.653275
13.516758
14.431955
14.190170
14.942762
14.433105
14.366963
14.013925
15.172393
14.249376

15.087090
14.255826
14.104743
14.195964
15.069611
13.885429
14.811684
13.897840
14.780071
14.098911

14.652784
14.615707
14.645578
15.239582
14.477447
14.844212
14.934719
15.039982
14.633002
15.572412

14.300231
14.501993
14.413965
14.316976
14.025632
14.724305
15.234781
14.351617
14.240498
14.902043

14.749769
14.592352
14.127520
14.615816
14.748869
13.747493
14.405081
15.408743
14.077353
14.430617

14.406295
14.187162
14.469661
15.090466
14.480892
13.783983
14.066142
14.725708
13.935181
13.996972

14.904380
14.009710
14.828609
14.039360
14.872163
15.072828
14.987986
14.673870
14.427299
14.951483

