16.723254
17.578532
17.493766
16.796632
14.752762
15.633546
16.740478
15.922482
15.921500
17.104524

14.590615
14.825074
14.953302
14.018667
13.798956
14.222958
14.926119
15.306676
15.589848
14.740050

15.556023
14.502680
15.857693
13.827530
13.798956
15.157865
16.785954
15.249155
15.713429
14.930457

13.662833
13.786059
14.487174
13.727731
13.798956
14.133930
14.708761
15.162866
14.305619
14.295041

15.494601
15.068619
15.520216
15.910646
14.935891
14.540750
15.208070
15.587331
15.287985
14.855085

15.008224
13.623758
15.125559
13.478123
14.874381
13.890831
14.738167
14.649559
14.552566
13.939040

15.822068
14.541668
14.596191
15.639184
14.402822
14.888062
14.616823
15.411330
14.684088
15.422155

14.079793
13.725325
13.746695
14.524367
14.282711
14.148782
15.759958
14.559547
14.091094
14.623891

14.645341
14.976478
14.920033
14.523644
14.275148
15.666863
15.547174
15.231397
15.444725
15.190027

14.159812
15.652993
15.112565
15.565882
14.606387
13.868675
14.639572
14.153093
14.617579
14.315879

13.612902
14.371702
13.498691
13.718225
14.989084
14.056590
15.914141
15.324132
14.648433
13.481178

15.033976
14.622371
15.068158
14.822208
14.350613
14.770418
13.833767
14.036470
14.524572
15.075684

14.181618
15.395968
14.944856
14.655505
13.960745
14.945195
14.816395
15.147497
14.688215
13.783321

14.270372
14.990011
14.544738
15.491735
13.613202
13.931611
14.324067
14.558222
14.650981
14.259387

14.138763
14.019986
14.417726
14.558075
14.785395
14.627046
15.012910
13.440671
14.576621
14.723543

14.446320
15.684410
14.170767
14.097141
14.267980
14.386865
14.566723
16.966345
15.574212
14.239053

14.138693
13.706632
14.371718
14.321181
14.267507
15.032334
14.339978
13.740450
14.770684
14.211467

14.326578
14.291640
14.774278
15.103275
14.483669
14.171378
13.992813
15.028792
15.040397
15.851605

14.233405
13.262996
14.296761
15.213185
15.089384
14.311250
15.255512
14.547294
13.923402
13.929452

14.194797
16.940407
14.594303
14.627747
14.742200
14.698220
14.438958
15.811557
14.831912
14.695000

13.863132
14.486061
14.046417
14.077537
14.633898
15.041105
16.405868
14.791851
14.598093
14.646877

14.375274
14.141556
14.461429
15.294788
15.072291
14.282198
14.386330
14.679984
14.014824
15.139055

15.271692
15.324251
14.713577
14.582928
14.192608
14.887761
14.619660
13.668857
14.638420
13.610914

15.110552
15.076371
14.630561
13.727144
14.674556
15.334169
14.117506
14.233912
15.294818
13.923279

14.900061
14.457602
14.048062
14.961684
15.013407
15.149464
14.570558
14.367233
14.651883
15.715864

14.497575
13.550830
14.137155
14.270097
15.577991
15.014676
13.827758
14.979364
14.765915
13.925533

13.913553
14.439876
14.433777
15.079841
14.668248
14.091700
15.796422
14.078449
15.100916
13.380954

13.604076
14.214305
13.951023
14.532794
14.104605
14.634626
14.484268
14.563589
14.501379
15.509787

14.075200
13.190763
14.423307
14.498544
14.515346
14.127246
14.473788
15.231582
14.663999
13.982148

15.024204
15.278111
14.600451
14.499251
15.317967
14.279291
14.523107
14.413944
14.568310
15.423031

14.869172
14.081410
14.601558
14.379737
14.503276
15.097634
14.161249
15.215787
15.090531
14.901035

13.603980
14.017285
14.535721
15.165986
15.191067
15.473958
14.066451
14.352717
14.039870
14.580903

14.835159
14.736504
15.821466
14.489312
14.865727
14.519553
14.757456
15.117622
14.453376
14.666298

14.833836
14.022969
14.666962
14.396726
14.647412
13.188083
13.436854
14.793218
15.226900
15.391907

14.625365
13.634617
14.634353
14.950832
14.724268
16.569709
14.460419
13.847644
15.214767
15.369485

14.535870
14.104885
14.971241
15.195297
15.071418
13.757302
13.983242
14.072053
14.661191
15.040822

14.576114
13.962824
14.067097
14.613592
13.996205
14.426453
14.576948
15.314476
14.372672
15.153508

15.030713
13.831024
15.099398
13.925072
15.410206
14.390647
14.715234
14.764259
14.898969
15.007706

14.459079
13.552496
14.100877
14.419221
14.694209
14.023192
15.351688
14.512415
15.149136
14.256936

14.298115
14.595027
14.082986
15.294119
14.323058
14.290350
13.699614
14.932064
15.000380
15.088188

13.978280
13.941034
13.866284
14.460950
15.736073
14.108937
14.706769
13.749141
15.030350
14.150123

14.074827
14.071165
15.457536
14.127268
14.376775
14.728100
14.352554
15.178605
14.256896
14.949279

13.649579
15.868998
14.023539
14.045394
14.861726
14.501231
15.473806
14.068038
14.425938
13.922759

14.376720
14.995131
15.122912
14.393355
14.746598
14.106338
14.462873
15.233087
14.353882
15.080816

14.299859
14.167356
14.206139
14.522854
15.393792
14.043976
14.199280
15.137344
13.498987
14.881683

15.073826
14.664107
14.580594
14.177736
14.560237
14.679350
14.334727
14.350576
14.011244
14.716112

14.050093
14.432075
14.935579
14.409794
15.295347
14.290635
14.753210
15.360992
14.926452
13.386972

14.267970
13.893818
14.993872
15.212047
15.134472
15.034666
14.565155
14.994077
15.292371
15.437064

14.321028
14.954218
13.822550
14.144862
13.958001
13.732251
14.402202
14.873536
14.663437
14.324692

14.491331
14.476072
14.712950
14.628004
14.927500
14.242295
15.720433
15.804159
15.752561
14.642067

15.829561
14.117277
15.196853
14.419754
13.713445
14.715606
14.593572
14.372090
13.950318
14.279275

13.577733
14.257286
15.977513
14.367660
15.108057
14.084720
14.787265
14.241655
14.502259
14.803424

14.205601
14.752474
15.276300
13.490703
14.972495
14.213625
15.071943
14.561716
14.856803
14.479429

14.227241
14.004176
14.805984
14.012643
13.909786
14.288682
15.112659
13.505918
15.176749
14.780460

14.743408
14.103823
14.763164
13.958094
15.164932
14.165387
14.835935
14.261356
14.131387
14.744533

14.559242
15.260702
14.229534
13.634383
14.348367
14.384394
14.104581
16.189224
14.643959
14.771205

13.720527
14.277017
13.957359
15.318044
14.810625
14.809661
13.626586
14.042790
15.089922
14.107974

14.467395
14.829797
14.547109
14.674921
14.885468
13.764543
14.817958
14.190443
14.856216
14.818409

14.206516
14.538643
13.977117
13.981085
15.671751
14.128709
14.357472
15.315059
13.864554
14.477942

14.858875
14.504053
14.450788
15.036210
14.665751
14.328079
14.431815
14.378843
13.927600
13.959500

14.511582
13.783697
14.542565
14.536680
13.761583
13.787798
15.738271
15.341256
14.928056
14.958762

14.084529
14.417476
16.247324
14.932556
15.031753
13.733074
14.968683
14.455057
14.834554
13.698385

14.547282
14.716694
14.441810
14.117418
14.543714
12.983479
13.774800
14.234356
14.854346
14.215329

14.076388
15.226706
14.402998
15.408780
15.025087
15.089956
14.675186
14.488976
14.425329
15.389905

14.384183
14.501552
14.318852
15.406511
14.528303
14.164159
14.852549
14.866554
15.029446
15.111790

14.730135
14.293924
14.260332
14.234724
14.413181
14.760781
15.222263
14.575206
14.138780
13.903421

14.600512
13.504830
14.136239
14.787814
15.451873
14.155277
14.803796
14.939254
14.417615
14.171009

14.380322
14.071020
14.041308
14.002126
13.914738
14.720028
14.504686
13.617980
14.868841
14.381541

14.671414
14.865046
14.561984
13.698639
15.111653
13.993509
14.899400
14.921707
15.023489
15.363863

13.912260
14.683322
14.673368
13.976550
15.134859
13.890139
14.418026
15.532493
14.566014
15.093931

15.158739
15.029195
13.785965
13.907481
14.974795
14.827763
14.454079
15.357154
13.672825
14.339807

13.861393
15.619823
14.514352
14.705224
14.636714
15.251990
14.012841
14.960781
14.750484
14.111440

13.978098
13.827792
14.474175
13.535702
15.563241
13.104537
15.682250
13.945080
14.732428
15.816561

15.483822
15.021092
13.851112
15.702622
14.884039
15.412050
14.341039
14.407408
15.123175
15.686288

14.086788
14.866560
14.318244
14.425037
14.579460
14.356736
14.499952
14.880604
13.997390
15.521460

13.625811
14.295063
15.073867
13.891843
14.593456
14.250175
15.337895
15.229421
14.510529
14.934483

14.082081
14.508119
15.454568
13.873976
15.243090
14.549791
14.167508
14.832662
14.433190
14.757452

13.882416
14.424276
14.618829
13.559071
14.315350
14.467986
14.338765
13.889869
13.776683
14.858411

14.447795
14.351312
14.918337
14.477421
14.794254
14.384934
13.879880
14.722284
14.081945
14.275994

14.158310
14.332414
14.860639
14.499228
14.705921
13.647122
14.460319
14.155063
13.581125
14.466028

15.894555
14.521427
14.126946
14.374960
14.779221
13.237207
14.276167
14.986648
14.643096
14.640616

15.216085
15.025556
15.923567
14.351287
14.116223
13.574931
14.515694
13.690101
13.998729
14.288738

14.645421
14.548998
15.108429
14.614423
14.870378
14.784873
14.917025
14.978175
15.092201
14.303664

13.478174
14.559706
14.747026
15.360586
14.605698
13.869587
15.018093
13.571845
14.546138
14.223574

15.873876
14.526884
15.311789
15.189541
14.463750
14.224368
15.045351
15.598173
13.949111
14.406090

13.423088
14.759071
14.067640
14.330870
13.741005
13.855188
15.166994
13.852143
14.664755
14.391887

14.783933
14.532498
13.626384
14.149753
15.030438
13.831356
14.688993
13.820782
14.048454
14.474502

14.957834
14.855959
14.503475
14.285590
15.385088
12.936846
14.345167
14.922743
14.359874
13.558601

14.914227
13.995557
15.750564
15.224444
14.574461
15.274916
15.017350
15.349260
15.125355
15.609117

14.758547
14.313044
14.648540
15.211023
15.194314
13.991053
13.875773
14.461365
14.592968
14.499496

14.568634
14.758782
14.195899
14.912033
13.299441
13.644607
14.326147
14.427493
14.715100
15.354271

14.597631
14.506586
15.521829
14.325182
14.657095
14.335256
14.100717
14.339784
15.281290
14.559156

15.004508
14.269443
13.737078
14.282349
14.202595
14.758672
15.006879
14.483721
14.419734
14.254354

14.369677
14.554053
15.119009
14.266448
14.142093
13.944857
14.575816
14.442884
15.164102
14.093863

14.273330
13.712928
15.561417
13.528126
14.389908
14.143279
14.610467
14.571133
14.025733
14.578245

14.961913
14.866975
14.996961
13.741997
14.781872
14.283256
14.120795
14.894239
14.958722
13.687149

13.607197
14.284457
14.327488
14.554099
13.821241
14.076818
14.128204
14.725613
14.185998
14.966647

14.653687
15.054256
14.900495
14.370980
15.601610
13.586274
14.827919
15.090937
14.726832
13.664566

14.858000
14.841330
14.159020
14.497969
13.665452
14.209330
14.489339
14.305953
14.294805
15.529785

14.326054
14.902962
15.061032
14.021742
14.154542
13.970337
14.736213
13.609141
13.739133
14.061443

14.328783
14.850239
14.614808
14.758504
14.244040
13.488471
14.623726
15.457008
14.262306
15.177186

15.011270
13.474104
14.568791
14.546194
14.919901
13.666524
14.466109
14.606002
14.931078
14.691935

13.976896
15.239334
14.459116
14.592862
14.450451
14.201845
14.897320
14.721001
13.783370
14.136272

15.281698
14.734021
14.153849
13.766946
14.145876
14.882631
15.821088
13.996847
14.294627
13.705503

13.936362
14.043345
14.914873
15.097156
14.254200
14.250587
15.409149
15.294811
14.008404
14.168666

14.730508
14.632380
15.188054
14.987698
14.918040
14.788235
14.056687
13.999400
14.629993
15.314904

14.123316
14.301163
14.132546
14.774513
15.247572
13.947997
14.743934
15.477520
14.559829
14.443514

14.906163
14.222184
15.008231
14.592442
16.473718
14.520662
14.674301
13.970168
15.094020
14.869868

15.149824
15.549760
14.453197
14.280985
14.215666
13.390739
14.116894
15.044496
14.514275
15.057835

13.714030
14.104318
14.871079
14.905979
15.350437
14.054438
14.568153
14.574988
14.369996
14.798565

15.724155
14.891338
14.599816
13.793473
14.200650
14.328645
14.227070
14.699754
14.920641
14.539957

15.057916
15.127023
15.148200
14.281780
14.428293
14.894087
14.502002
14.134066
13.826812
14.439677

14.242227
14.324703
15.031068
15.042424
14.773364
14.280105
14.326870
13.941960
13.981573
14.291316

15.048491
13.902351
14.653141
14.743843
14.415567
14.945782
14.413699
14.350605
14.805083
14.404645

14.398016
14.327735
14.609108
14.316601
14.015741
15.035040
14.197056
14.297490
13.638467
14.968449

14.524071
13.897954
14.721554
15.311421
14.587633
14.485111
14.581548
14.656230
15.092260
13.563338

15.972086
13.898153
14.854705
14.116449
14.772166
13.272459
14.607240
14.351165
14.156943
14.287884

15.455580
14.168321
14.337028
15.124968
14.562465
14.659539
13.699901
13.706046
14.801980
15.711478

16.194443
14.384117
15.201284
14.369017
13.909242
13.671462
15.075655
14.379010
14.319764
15.229304

14.413418
14.342430
15.089293
13.877205
14.083818
13.649682
14.037990
14.428401
14.308561
14.752982

16.144119
14.782615
14.550095
14.673213
14.027388
14.355486
14.532361
14.493836
14.952955
14.653862

14.232690
15.075395
14.593208
14.425496
13.825958
13.698653
14.180572
13.304687
14.550645
15.531476

14.320237
14.850728
15.210060
14.887296
14.937307
13.581059
14.345078
15.486406
14.174197
14.716902

14.840580
14.900545
14.672375
14.737479
15.121182
15.225550
14.313105
14.923489
14.002968
15.879557

13.762207
14.375253
14.571200
15.471966
13.311887
14.001372
15.291873
15.123709
15.047705
14.767905

14.696576
14.253580
15.313345
14.339643
15.365007
14.508747
14.040672
15.022820
16.001127
15.145043

14.886535
14.203188
15.453922
15.543784
14.281251
14.041233
13.709151
14.794427
14.874217
14.717835

14.467865
14.198440
14.773023
13.791162
13.990460
14.443040
14.603550
15.085824
15.323221
15.181708

14.801868
14.090626
14.621329
14.446173
14.307079
13.788754
13.883386
13.856876
14.321029
14.368993

14.206654
13.866543
14.798658
14.840299
14.952886
15.412071
14.339560
14.520904
14.442677
14.350573

14.993126
14.746577
14.374307
13.989130
14.349841
13.893642
14.915069
14.252845
14.004983
14.603341

15.194592
14.026302
14.749928
15.017890
14.926528
13.991878
14.635696
14.422867
14.635238
14.155044

14.833556
14.226665
15.603096
14.913030
14.242523
15.024286
14.355337
14.395057
15.570104
15.163327

14.770085
14.383035
14.922761
15.883448
14.334630
14.184000
14.737380
15.111909
14.914823
14.791116

15.529364
15.331203
14.750921
14.411316
15.246199
14.667639
14.375886
14.218488
13.944715
15.228281

14.610341
14.780240
15.137273
15.143938
15.661633
14.425860
15.047070
13.726087
14.309850
13.936978

13.897543
13.538770
15.125734
14.452839
14.817303
13.754173
14.919408
14.261442
14.311688
13.975331

14.324159
13.555519
14.808358
14.018339
15.017822
14.807930
14.697371
14.246134
15.089384
14.300600

15.016722
15.103504
15.229890
14.195242
14.376539
13.475437
14.150293
14.452712
14.014737
13.898211

13.520681
14.861551
14.550700
14.622427
15.137026
15.149665
14.938013
14.873556
14.377007
14.204302

15.789433
13.921275
13.558656
14.611178
14.292054
14.650341
13.939254
14.915586
15.518241
15.251856

14.272409
13.449240
14.524572
13.882499
13.821708
15.491844
14.760516
14.626631
13.920839
14.757015

14.702016
13.788933
14.782946
14.926922
14.476834
13.927206
14.050541
14.355501
15.122628
14.839844

14.333509
14.351899
14.381189
14.504737
14.814860
13.974734
15.028523
14.112107
13.804937
14.316978

15.303617
14.489284
14.371567
15.351585
14.281618
14.626272
13.870089
14.460161
16.236770
14.611774

15.372829
14.299844
15.069052
14.814125
15.257881
12.926811
14.432964
14.713247
13.974641
15.427113

14.297415
14.045722
14.966195
15.074312
14.800292
14.849678
14.329265
14.713670
15.411999
14.369436

14.147582
15.058417
14.754640
14.696513
14.677813
13.685266
14.802972
13.566272
14.682134
14.550295

14.579253
14.426787
14.532274
14.475028
14.336043
13.873541
14.210022
14.365120
14.778695
15.396842

14.797246
13.716522
15.578922
14.256976
14.275760
14.036189
14.348106
14.593015
15.249940
14.534892

14.684495
14.535904
14.811153
16.029702
14.554262
15.316534
15.116778
14.177680
15.284570
14.154260

14.603796
14.076086
15.243150
14.517235
14.154020
14.195432
14.285192
15.302835
15.301885
14.712486

15.193399
14.802496
14.750610
14.737973
14.603926
13.192329
14.267180
13.494150
14.919618
14.464011

14.616061
14.556157
15.104189
14.094670
14.681979
13.015989
13.993532
14.891976
14.472094
14.885570

14.645473
14.405857
14.237359
14.488213
15.407783
13.556631
14.048204
13.831933
14.701106
14.405230

13.779520
13.411497
14.514954
14.599586
14.245726
13.280059
14.118190
14.261966
15.505551
13.789970

14.467665
14.012593
14.975577
15.425881
15.620065
14.171528
14.415420
13.904643
14.659891
14.475267

14.985075
13.582188
14.144205
14.670905
13.885187
13.269946
14.831804
14.621347
14.275929
15.477373

15.321226
14.709795
15.142525
14.488645
14.349559
14.530015
13.732140
13.783099
14.775781
14.819743

13.989719
13.562018
14.988675
14.333033
14.936669
14.974806
14.697913
14.407689
14.947324
14.044760

14.409721
14.721488
15.011466
14.730692
14.297551
14.268340
14.559348
14.559092
14.362286
14.707307

14.277628
13.784922
15.064987
14.615229
14.637570
13.730628
14.288704
15.122272
14.629443
14.899352

13.924334
15.028355
14.456422
15.052817
14.516209
14.782890
14.257742
14.096068
15.104456
13.401062

14.959532
14.033056
14.078076
14.246018
14.098338
14.168166
15.763619
14.894009
13.477757
14.672102

14.625782
14.062750
14.239329
15.031033
14.482675
14.270094
14.290171
14.618052
15.085886
13.593178

13.603790
14.474923
13.630437
15.270167
14.467625
14.766008
15.416364
14.817749
14.665761
14.830207

14.144254
14.208419
12.961597
14.109396
13.705317
14.158766
14.639985
14.767233
14.347157
14.891241

13.891484
14.870260
14.157460
14.782900
14.449151
13.208341
14.706076
14.703165
14.365021
14.888680

14.445320
15.403365
14.235609
14.213565
14.345495
13.785281
14.000805
14.878331
14.662383
15.294065

14.075834
14.338191
14.361437
13.768432
14.627260
14.574519
15.083540
14.450624
14.164192
14.336906

14.389254
14.566026
13.928993
13.919929
14.307451
14.870476
14.804535
14.284593
14.495374
14.395883

14.230069
14.782257
15.970692
15.652439
13.957130
14.641102
14.480701
15.186861
14.787957
14.930752

13.610076
15.216545
14.663767
13.559305
14.263174
14.605859
14.685415
13.918109
14.476079
14.656141

14.611098
13.726920
14.948131
14.665862
13.840795
14.248960
14.946322
14.135702
14.599653
14.397569

14.682685
14.079217
14.949574
15.569247
15.011823
14.558317
14.722655
14.949501
14.775129
14.204701

13.382313
13.750943
13.394199
14.151583
14.655628
13.441634
14.500243
13.416384
14.578609
14.199714

15.775598
14.218829
15.182805
14.667468
14.288124
14.134885
14.335604
14.520177
13.977943
15.046967

13.558499
14.242672
15.541461
14.663147
15.288904
13.194313
15.336652
13.774589
15.006798
14.571408

14.781006
15.151519
14.827028
14.545077
14.952562
13.562691
14.122731
14.215611
13.927702
13.697867

15.511226
15.087390
14.834526
15.467907
13.921815
13.591976
14.358374
14.697978
14.118303
15.556247

15.735215
14.969639
14.212085
13.445963
15.414999
13.182012
14.059119
15.203918
15.054904
14.775728

13.743178
14.917672
13.420916
14.395848
14.883518
14.432026
13.876263
14.332160
14.338267
14.595392

14.926748
14.569889
15.107798
15.693135
13.609170
14.625236
15.569600
14.678736
14.595746
14.501496

15.803550
14.620755
14.465007
14.510988
14.204720
13.925603
14.785768
14.952658
15.044925
14.466577

13.754180
14.921157
14.599632
14.949465
15.401022
13.981636
15.345684
14.587746
14.357977
14.119215

14.734259
14.919274
14.849226
14.632477
13.776063
12.926250
13.708761
14.986714
13.773532
13.621682

14.012365
14.297911
15.088700
14.030096
15.077748
14.438026
14.564070
14.858496
15.291594
14.223413

15.201598
14.522363
14.766304
14.008175
14.211322
14.357923
14.871270
14.042393
14.254836
14.494873

14.562189
13.951820
14.991844
13.838177
15.404323
13.967246
14.291859
14.856093
14.024314
14.731904

14.715060
14.340617
14.519786
14.968338
14.914063
13.520348
14.351425
13.942314
13.744977
13.867641

14.151974
14.588153
15.585315
14.397961
14.695567
13.718986
14.533329
14.406061
14.534069
14.749482

13.958887
14.238141
14.415016
14.115614
13.792801
14.401308
14.651122
15.150767
14.036047
14.116875

14.496143
13.871873
13.654471
14.351331
14.266483
14.854161
14.493999
14.830788
13.936419
15.369778

14.769277
14.365767
14.462952
14.784657
15.019675
14.038336
15.393359
13.909112
13.598186
14.502984

14.134288
14.781800
14.026993
14.225041
14.127226
14.087166
15.133537
14.368799
13.537400
14.441213

14.535850
15.714235
15.240361
14.047020
14.726511
14.030079
14.861380
14.200266
13.720114
14.587574

15.288214
14.557093
14.914737
14.298519
14.021572
14.413952
14.744643
15.196198
14.365058
14.616895

14.460979
15.114319
14.308406
14.085603
15.275537
14.261816
15.860895
14.868708
14.387990
14.382674

14.660091
14.964180
13.456038
14.022403
14.656764
13.573295
14.806886
13.906385
14.522722
14.116600

13.678547
14.450613
14.908604
13.994563
14.466561
14.419201
14.924122
13.888103
14.557152
14.626291

