0 4436.502246 3791.307108
1 2875.123077 3472.262592
2 895.304389 1423.261699
3 2601.296466 468.414892
4 3073.269181 793.194391
5 5211.935012 1504.996051
6 1667.405311 2618.979429
7 4808.224361 3853.424362
8 2604.112263 2599.326911
9 5417.357676 144.610378
10 4288.479171 3569.490007
11 3582.674311 1698.812906
12 957.097199 2515.015492
13 3191.260020 2345.697368
14 4504.613241 100.496517
15 5308.084950 1159.171798
16 511.158731 3382.471902
17 3716.760448 2226.114157
18 1769.857311 2974.709665
19 303.932950 1755.603613
20 2943.504507 438.912016
21 3513.708146 2784.510918
22 452.335279 1187.264585
23 2561.469536 2861.953783
24 2868.092348 840.952174
25 3717.424999 3195.731506
26 338.950744 2980.223533
27 1308.771597 1952.784187
28 4552.736263 2382.158065
29 653.164969 416.799481
30 3861.853759 1078.699444
31 2349.036729 2963.871912
32 4733.186805 2265.424146
33 1523.704534 3852.311314
34 1829.152104 442.315705
35 3334.538644 2513.907782
36 289.011288 2071.216505
37 4713.537328 3669.896490
38 1541.640764 504.830487
39 3240.567011 896.486812
40 1631.313306 3652.023548
41 363.467644 578.204201
42 69.783674 3303.708063
43 2156.473635 3243.917462
44 4726.287660 2896.902327
45 3776.155637 591.657295
46 1617.422992 734.867791
47 3734.264782 1465.095564
48 3571.958560 183.692580
49 4039.547080 2022.110741
50 4894.598257 922.687666
51 4953.001941 3770.753691
52 106.148742 3119.832382
53 3533.924922 3229.510556
54 4556.532889 3369.097076
55 3132.504604 3857.861721
56 1412.314881 3701.916251
57 2206.400465 1690.929125
58 5052.644078 538.462333
59 3829.647094 12.520374
60 2423.637056 2628.040150
61 2343.071414 727.428094
62 1138.060107 3230.207565
63 3211.495337 1876.210450
64 649.860089 2665.924937
65 4473.195001 834.138834
66 2151.883435 3609.570952
67 2962.225477 2707.992870
68 2896.371568 1159.095345
69 3779.619083 2656.408051
70 2032.297268 3886.398163
71 1017.210143 2689.731325
72 4133.420735 3501.705281
73 3982.453113 2388.648224
74 551.591216 1545.981006
75 65.175611 3808.347842
76 3480.336958 708.476101
77 2643.617636 1485.288175
78 3147.060167 631.605655
79 1885.563540 1709.231379

0 2960.903673 3187.476461
1 942.805973 3782.440170
2 1206.937122 1379.968148
3 2506.800973 797.805495
4 3489.401752 81.954921
5 3021.794818 2093.455588
6 1334.880580 2536.318048
7 5081.320820 2827.406585
8 4347.382316 3707.918103
9 2961.760245 2286.467635
10 1791.360090 2370.697515
11 4455.883386 552.518751
12 4766.881174 3558.794149
13 3264.149784 2466.027856
14 1631.860566 345.936693
15 5067.721771 745.327018
16 2637.248310 3419.012605
17 4036.024681 3876.880760
18 2277.478391 2528.552998
19 1773.702929 48.794400
20 652.619641 288.419308
21 709.036730 1272.218934
22 1951.133895 1924.143104
23 2198.009966 3423.031740
24 3559.754697 1219.082163
25 2534.303145 3683.057664
26 3954.851193 180.734233
27 966.932788 2690.098785
28 875.855908 2312.537893
29 715.021977 3493.328026
30 1574.014178 1143.539275
31 127.499141 3644.032188
32 5083.679117 1367.177870
33 1225.608123 3769.313433
34 3572.898988 643.336293
35 3203.156629 1420.081497
36 448.189557 2800.554960
37 1304.027113 581.961509
38 387.984722 200.943314
39 2400.875931 489.553016
40 1602.505737 130.958703
41 349.087946 1705.181398
42 1733.166246 1338.389994
43 3448.508862 3304.917526
44 3275.303468 2298.446906
45 4199.707175 730.899142
46 3369.508162 1913.463709
47 3889.497555 1317.058829
48 3340.831576 147.547053
49 3521.775213 1631.681718
50 442.222959 3185.317637
51 4507.146902 3259.991511
52 882.671424 136.500340
53 973.133458 1110.038710
54 4659.357308 3729.192401
55 3599.326631 2962.163848
56 1838.429276 3612.701525
57 3158.208997 1847.012281
58 2617.940216 2558.322071
59 4123.535761 898.434176
60 1448.718207 3328.187012
61 3205.105209 1078.994660
62 1975.145851 1386.909508
63 282.345326 2789.432168
64 1991.138239 243.310060
65 4592.628446 450.889334
66 2457.778078 3247.786049
67 3851.611806 2301.694717
68 2860.278617 245.087724
69 3803.550372 3224.652376
70 837.288408 1443.165108
71 834.995045 969.294524
72 2167.853976 363.141302
73 4659.671998 125.118907
74 4869.146937 1239.906734
75 383.132496 3851.633574
76 3818.044497 3848.219264
77 1074.342087 35.360293
78 2784.084622 3188.504947
79 4322.817316 1425.288889

0 3253.622458 3498.626002
1 1197.247473 3499.970931
2 948.519114 1398.388090
3 2538.244345 947.967183
4 3339.849803 7.960842
5 4920.400916 1779.690837
6 1393.262577 2553.436587
7 5154.425189 2624.316179
8 4016.154429 2921.351219
9 4004.333264 1081.524009
10 3004.294599 2060.963082
11 3835.553451 799.935725
12 4621.931109 3068.228100
13 3258.658208 2359.759305
14 1749.618958 104.625126
15 5182.468258 1059.251541
16 4940.215694 1582.414142
17 3940.749521 3188.035707
18 2407.117938 2355.122016
19 1020.549453 765.875293
20 1448.092034 368.803846
21 698.599639 747.194115
22 2285.324185 1915.094534
23 2347.376032 3308.977274
24 3529.854543 912.216556
25 2055.750385 721.839189
26 5068.483328 440.377962
27 1028.664476 2065.186986
28 399.994617 2291.994424
29 741.364933 3149.093082
30 3590.394274 1102.441663
31 1478.457547 3290.422888
32 4790.564667 1344.001818
33 1495.045686 3815.578114
34 2760.238537 625.611286
35 3200.313983 1963.616781
36 289.065264 2554.160412
37 560.343641 3056.219355
38 144.000164 2707.705327
39 2380.994168 352.936652
40 1619.246422 2646.748072
41 348.288007 1979.622244
42 2434.857626 2924.819638
43 3263.979816 3273.127057
44 4653.272180 2593.524424
45 65.408447 3599.224524
46 2672.491820 2075.175933
47 3899.691072 1407.582375
48 3345.975439 168.968084
49 311.093641 1275.103020
50 2854.785250 3851.330302
51 4409.105461 3078.405003
52 778.595809 961.737648
53 1555.881616 1400.886924
54 4684.422273 3417.221790
55 3776.510533 3014.279911
56 1953.321817 3658.424867
57 2805.551920 1920.072653
58 1757.005488 3086.381094
59 4055.840473 791.548259
60 1431.102408 2828.202875
61 4409.629285 627.048568
62 1702.435152 977.371448
63 1729.645962 3741.493877
64 1790.607866 1252.999307
65 4508.603000 316.475461
66 3842.114103 2274.350652
67 1354.436965 3064.398043
68 2843.365751 236.428159
69 5029.132186 3429.522134
70 464.722758 3453.518004
71 5363.495100 150.405384
72 1926.862937 1988.056707
73 4335.216791 874.344269
74 2438.663810 1540.476297
75 535.479346 3866.905786
76 3707.121384 1713.596355
77 3081.576033 2618.291391
78 2645.426912 1128.217399
79 5109.839811 1598.114032

0 4116.935442 3712.236381
1 2421.828204 3479.748277
2 909.680879 1416.541845
3 2584.262305 597.970739
4 3145.288602 86.180748
5 668.883569 3167.954312
6 1593.342910 2601.272375
7 4901.753977 3521.368495
8 2985.589575 2686.324998
9 5035.615001 397.726965
10 3941.543867 3161.946373
11 3650.992140 1455.972247
12 1947.188728 2664.471410
13 3209.468314 2349.496341
14 3760.323985 101.611902
15 5274.148344 1132.177342
16 4490.712391 1558.811634
17 3777.273335 1831.027763
18 2199.236411 231.197874
19 497.534064 1673.593072
20 2539.503873 419.971593
21 1876.949776 2234.109410
22 3868.575596 1613.049939
23 2503.630035 2982.721649
24 3046.874023 860.204960
25 2972.024376 573.396913
26 1616.681267 452.789193
27 1233.097857 1983.150927
28 2293.176620 2357.799456
29 676.993071 1154.955920
30 3788.516264 1085.113642
31 2113.841057 3052.092924
32 4748.688008 2016.492690
33 1515.962059 3842.387473
34 2080.694414 491.834839
35 4528.661061 2133.345555
36 289.025870 2201.688631
37 3591.510521 3504.105475
38 302.307832 2832.584669
39 1224.341439 2600.080856
40 1628.053317 3380.438326
41 359.366713 956.811299
42 1485.558042 1040.516672
43 2455.677505 3251.808726
44 4706.561798 2814.941753
45 57.913338 3535.835137
46 1902.460387 1096.965439
47 2771.664644 2232.422062
48 3510.906960 179.714610
49 514.429743 2153.411778
50 4343.522375 1713.889760
51 4481.111362 3219.016475
52 287.817041 2536.801508
53 5167.754968 1533.654005
54 4591.083485 3382.098449
55 2770.742693 1205.113661
56 3713.295166 2496.306244
57 2368.267222 1752.834540
58 4162.294357 1226.808065
59 3890.755497 222.982548
60 2155.493896 2682.116112
61 4191.866176 536.984838
62 4702.066229 3699.907977
63 3520.062047 2795.709983
64 958.044508 2284.208949
65 4482.760826 694.286897
66 3399.329336 3715.207700
67 1132.236679 3433.752141
68 2882.051516 909.827578
69 5027.731057 3230.330548
70 1373.276224 462.759022
71 5403.287796 502.075049
72 3537.297080 3092.777982
73 4077.755748 1979.543868
74 1061.402748 1544.493854
75 192.232868 3824.167856
76 3541.605039 980.019389
77 2605.848802 3821.694464
78 4858.551923 1749.894914
79 2756.634018 1679.211917

0 1912.234212 1562.659339
1 876.374478 1849.530043
2 3530.450344 245.648560
3 2251.372656 438.244427
4 1668.469726 470.448277
5 4427.647185 3528.072263
6 1783.921474 3149.407910
7 271.241273 2254.559157
8 1291.902398 2228.844756
9 1997.894049 382.431799
10 1413.183913 330.640743
11 537.266344 606.350058
12 3450.605341 1278.145505
13 1674.586818 3649.403055
14 761.953486 3630.664646
15 923.641514 1335.479980
16 4522.130596 2880.215089
17 704.847523 986.461583
18 4271.872367 785.223995
19 1556.036863 1064.353485
20 5278.455806 155.797859
21 2897.956833 340.027303
22 1145.602953 3561.602471
23 2388.544832 3358.237222
24 394.627218 3529.681378
25 974.920106 2099.286968
26 3605.424443 1162.249324
27 723.970368 2297.452469
28 2381.787086 1084.019541
29 2531.077013 656.014934
30 3658.127835 529.259946
31 1329.523866 3520.963805
32 4656.650678 69.734260
33 4666.169048 1456.218708
34 1488.584044 2005.267177
35 3781.688558 1205.897883
36 872.230609 1095.995790
37 2804.640660 3700.202731
38 542.426494 3807.803738
39 1399.043000 2447.974787
40 839.266054 563.408275
41 5018.594698 2408.918480
42 502.387492 1786.516738
43 1022.709065 337.531512
44 2740.479991 2103.804113
45 591.293189 2439.432220
46 3017.097605 2695.925027
47 2917.870321 1723.932103
48 5025.452896 3041.142126
49 1642.857575 2806.774546
50 4089.662802 377.097817
51 3333.845721 2531.365473
52 3347.865682 3345.734393
53 5380.723207 481.306703
54 3477.297799 1908.239787
55 4635.631738 3658.051710
56 4747.819718 3163.111943
57 635.586264 8.883509
58 3278.521237 915.837861
59 4139.093840 1362.800127
60 1213.252908 1685.125987
61 2016.026077 3570.265867
62 227.869021 1825.402286
63 3889.961935 3367.861665
64 4394.320057 2556.418338
65 4722.122130 703.573363
66 3215.219654 3791.756316
67 854.703407 2725.203665
68 4078.677481 3597.514890
69 2649.358545 3380.247968
70 4219.910713 959.194494
71 1081.827615 2575.846682
72 2434.305407 19.631650
73 5282.104867 879.576436
74 4686.851867 456.986697
75 2483.548791 1756.892599
76 3911.990702 2404.708383
77 2707.827991 122.017802
78 4973.148417 1462.810844
79 1195.080998 2431.774228

0 3786.085960 3116.364658
1 1426.508584 1411.305109
2 3011.815973 1031.490020
3 2639.068882 713.885872
4 3531.990985 2024.527342
5 3192.166887 3897.771344
6 1955.514970 3259.916598
7 710.806988 2348.559357
8 510.835024 944.530083
9 3545.283574 66.484156
10 2044.778180 1045.878875
11 5322.086564 943.923428
12 1584.770685 1277.861684
13 594.359280 2129.390588
14 290.921496 2804.458710
15 3275.874131 3376.178359
16 3010.712647 3070.577207
17 1949.603033 286.502065
18 3214.535471 1289.323669
19 691.072234 311.391245
20 2201.080341 441.267093
21 2099.940148 84.356281
22 4562.443689 1416.185600
23 4280.414650 2219.061033
24 2078.805318 3536.024309
25 1015.226518 837.585166
26 5013.049739 2613.938521
27 2407.994384 2416.544815
28 3610.699239 3811.132797
29 1065.856003 2847.219328
30 375.716958 1402.305938
31 472.052927 3033.696107
32 2760.920450 2644.056741
33 985.823482 3652.408324
34 3018.615616 3898.124358
35 2901.959508 92.000741
36 3350.150670 137.220024
37 4258.232955 919.606456
38 1475.946056 3905.180653
39 1983.642801 2741.726102
40 2011.682176 1620.129397
41 3120.463321 1908.478106
42 1897.697711 2953.176653
43 3651.495213 399.343706
44 1192.526520 1595.329528
45 1166.840696 1769.651742
46 4633.665520 3836.809093
47 3496.286859 1189.330504
48 1641.791011 2337.937707
49 3892.348143 2635.554035
50 4955.500034 1277.478578
51 5082.164680 2412.329091
52 625.211091 3726.607461
53 401.306595 2350.438728
54 2704.421989 356.878582
55 1356.270837 1590.223539
56 2863.640302 2042.858830
57 5307.998222 67.669406
58 1572.443464 3222.311418
59 5269.716922 1484.378555
60 4089.222111 3210.780222
61 3971.701185 1370.950376
62 880.533690 692.075934
63 4507.229310 2612.300830
64 775.877215 3298.500926
65 476.008470 1667.098928
66 4178.507174 3518.334086
67 1658.341909 3030.998771
68 4818.883312 3021.598900
69 4722.757098 2209.488355
70 3591.106231 2748.893711
71 4032.753489 2799.742204
72 2432.359807 1009.149552
73 5174.631289 664.763386
74 2986.553807 2501.555558
75 2003.816827 1973.324512
76 3852.717421 1810.692821
77 6.742736 3895.981637
78 448.980387 316.222221
79 3803.557430 873.573557

0 2872.322585 2484.627329
1 1688.896039 87.136887
2 2472.527188 737.863268
3 2917.805131 319.299438
4 4013.244323 494.578047
5 4178.184229 3338.738692
6 4403.202402 1064.010551
7 5.829016 3889.683630
8 939.950832 123.531315
9 3749.214929 636.461080
10 3240.326492 839.793658
11 4958.474244 1179.983819
12 3689.681867 2079.079710
13 1952.967780 1787.907515
14 390.935613 3374.698980
15 1237.028083 3775.397213
16 1034.758561 3540.459349
17 1482.585863 86.577418
18 3195.751440 2164.299428
19 1272.279144 574.027385
20 573.839642 751.582362
21 5392.584326 101.871661
22 4013.265577 3879.381101
23 2016.992082 3054.524700
24 3922.510416 2429.808326
25 2439.129601 157.287051
26 4197.611163 3551.391059
27 4524.668024 3214.308865
28 3190.099902 3642.118099
29 1375.933161 2728.603957
30 503.423901 2707.123948
31 3659.919949 2515.286141
32 834.446678 1064.964047
33 1364.532737 3457.576810
34 2647.366049 2771.128104
35 3806.343111 3709.386941
36 4428.657349 85.583896
37 4048.019224 2562.565336
38 2357.393533 3877.113668
39 4206.499570 1790.035279
40 3939.622744 942.528203
41 2958.579726 3008.767522
42 3665.163860 1882.114473
43 3563.484558 1703.720337
44 3850.042457 478.872899
45 2710.414872 1385.082624
46 4647.502541 3898.510143
47 3342.442180 593.609627
48 1915.379809 1182.245128
49 4553.142787 2346.293922
50 2368.308442 3712.817753
51 549.226300 2348.078789
52 1541.687893 3864.371801
53 650.817929 2058.246390
54 891.637740 722.311677
55 679.511323 469.481464
56 3102.800863 1771.421592
57 5258.293019 1234.527744
58 2686.930734 1796.129994
59 4999.134318 3002.890401
60 2270.591899 1879.378949
61 1437.977955 1228.309291
62 2285.312346 2592.445815
63 4321.551588 1529.224091
64 1391.334259 3119.563881
65 132.014708 3356.507810
66 3893.437831 3418.765186
67 982.907693 1155.382898
68 644.336203 3102.016460
69 3224.956665 316.130312
70 3051.994213 525.241194
71 4367.825604 2522.574676
72 312.520235 1513.623384
73 3698.312918 2867.551823
74 5135.341726 83.681323
75 447.538893 169.174574
76 3129.157137 1126.179375
77 1176.599938 1978.559068
78 785.046194 1365.954013
79 4960.902987 1720.306425

0 1245.738583 571.551144
1 439.658066 14.674436
2 3008.917333 3242.532430
3 2717.729859 750.768289
4 4034.637012 242.097974
5 2358.615087 2189.109437
6 4502.162254 591.190898
7 820.799905 3268.547098
8 714.963476 44.816984
9 1845.901705 131.410662
10 828.348503 1531.535557
11 2992.191915 2484.939764
12 4295.482026 212.276653
13 3171.046958 3268.620658
14 211.647769 3164.625583
15 243.633377 3828.904967
16 3249.597585 3787.551579
17 2216.508110 214.116831
18 3414.363838 2588.895553
19 598.510291 1828.478966
20 801.475007 1888.966559
21 1289.152194 288.549631
22 4209.450907 3622.499304
23 4586.258608 1658.509591
24 3520.657033 1570.809939
25 2966.976879 182.890810
26 3768.342125 3757.719558
27 4795.649494 1588.005157
28 5012.728828 2956.294116
29 1242.089851 1758.568575
30 582.997915 2593.358808
31 3502.373643 3729.706564
32 1537.521949 2671.891115
33 1707.932612 3647.420543
34 1238.574262 3439.300903
35 504.162261 3899.199796
36 4681.497419 490.810399
37 2790.418116 2272.914139
38 2454.395491 3231.468488
39 3926.045102 1161.362203
40 2944.902427 490.561503
41 3953.477633 1349.965371
42 2192.860410 958.961323
43 2236.056773 3295.017499
44 5225.009040 1794.390229
45 1603.571853 1942.711525
46 3722.910150 3509.172033
47 4115.550283 2643.114606
48 4407.104255 1533.360436
49 5035.309515 3462.304765
50 1682.445590 1770.692019
51 922.221349 2520.176611
52 508.507330 1537.355110
53 1163.836495 18.764061
54 2408.430335 1212.130877
55 1473.305387 373.482028
56 3929.642915 3906.944300
57 4634.406049 3291.717888
58 564.471724 1002.995291
59 4335.956500 3407.710155
60 5343.011091 651.301439
61 5215.394487 910.635931
62 862.464436 3523.595864
63 4609.986549 2268.722115
64 2552.399493 3385.017672
65 444.241778 3220.480264
66 2480.652170 3868.234377
67 1872.491248 3881.969738
68 1743.363571 3373.696525
69 3135.265825 1201.226754
70 3195.812763 114.555634
71 3628.945697 1007.938273
72 3327.124078 3307.665491
73 2023.835944 2424.649765
74 4820.851552 306.733089
75 1664.346973 776.348207
76 4213.801013 2019.476986
77 753.373329 2365.321182
78 1261.183241 1590.380198
79 4648.091371 1991.517724

0 3189.665353 1118.289229
1 614.469653 1751.492359
2 2485.370314 2350.333299
3 2072.124952 397.258681
4 5227.546871 880.643943
5 3583.359141 3576.080180
6 3072.058392 1860.889472
7 2160.795633 2179.715451
8 2792.905565 3089.492414
9 2731.256726 17.761397
10 2648.916429 436.998894
11 3527.555831 1234.555738
12 4536.559550 410.964734
13 697.818850 3565.542506
14 251.892253 2302.272198
15 83.028428 3475.375630
16 3365.443445 3732.903073
17 1801.783197 1038.152581
18 4912.691230 3117.853369
19 1172.490728 2443.815180
20 4384.712270 2217.500999
21 3306.065940 264.290584
22 4208.314886 2498.414802
23 4231.041364 635.830142
24 3161.452176 2855.362050
25 554.260101 434.543350
26 2486.467714 3370.315866
27 3853.607551 3836.900234
28 5307.197848 127.271349
29 3749.482518 2211.981105
30 1334.181667 497.006300
31 4343.858361 1968.742822
32 1514.530230 3859.730203
33 2289.504273 3641.927010
34 4699.135217 2683.426053
35 741.219988 2843.206929
36 4458.751219 1315.685824
37 3114.889850 762.956377
38 1362.449763 3667.292718
39 3765.685204 1691.340417
40 769.748474 683.030671
41 4639.228404 2960.292324
42 1173.448067 1988.420327
43 4623.568430 2430.149412
44 3391.291607 2615.584592
45 614.495862 1107.002003
46 860.991902 3824.979605
47 5004.099035 2893.469199
48 731.158399 2191.913859
49 4078.428378 132.702558
50 1159.487597 921.284235
51 378.166288 311.593032
52 2711.222079 3559.465956
53 1356.108183 132.280260
54 1642.711261 1271.951293
55 2706.525328 2319.132877
56 4039.888796 3711.900631
57 3647.341183 2632.610273
58 412.200854 3179.527912
59 1205.692133 1223.009508
60 1058.814224 3431.019733
61 359.483047 2459.573116
62 4001.927441 3400.168648
63 4487.082615 3511.353548
64 3468.256649 1032.539638
65 1034.881709 3146.623388
66 4239.117899 1203.217761
67 868.711554 103.593256
68 1715.099886 3827.877620
69 4997.563120 1778.670685
70 5263.049906 424.221630
71 182.886676 2667.057362
72 470.642690 2333.216901
73 4323.845856 3802.681136
74 3303.555238 799.871146
75 3579.606078 146.829797
76 287.614652 3062.595928
77 3107.419628 216.829004
78 2282.652296 1889.466110
79 115.192593 3840.630081

0 5108.001707 3053.868444
1 1474.761729 1639.574519
2 3631.975309 3213.310054
3 3766.103013 97.421020
4 3981.260226 805.842933
5 1922.128914 334.043494
6 2097.401890 3255.451319
7 5003.078931 3883.505412
8 3423.491423 982.933511
9 512.866118 267.026209
10 3986.395571 3784.524770
11 2044.005861 213.790309
12 1730.241885 69.980654
13 4612.809640 2690.564333
14 3389.800801 2240.106597
15 210.769030 3882.987935
16 4707.381513 3833.617102
17 3281.781149 3396.489621
18 4570.290556 2935.344141
19 2826.576884 420.867730
20 3972.420680 1012.885134
21 3877.902150 352.948134
22 5331.688740 42.171662
23 3055.515716 1.902797
24 5091.388160 574.562204
25 3714.903540 2386.048507
26 2783.500049 2640.503674
27 4077.352687 1314.196654
28 3460.405547 337.707217
29 586.307631 2631.498598
30 2383.479901 228.386190
31 5316.028550 1259.167066
32 2882.910396 2102.531559
33 1273.342763 1750.697944
34 2849.209467 1096.775530
35 1454.107749 3107.198423
36 5096.049458 1112.970601
37 3696.087642 3409.037332
38 1774.102360 3900.975519
39 931.563866 3515.208318
40 409.989047 1408.983228
41 1284.339488 64.626815
42 1253.596506 3663.131634
43 1593.368676 180.252860
44 3549.393420 1966.162442
45 612.742170 1743.273901
46 4360.709962 1343.042668
47 2560.492293 2174.336581
48 50.315263 3464.318057
49 5182.553884 2208.293192
50 4406.174811 392.002271
51 1122.511082 893.430970
52 2712.805706 3774.531483
53 4428.233366 3376.103852
54 1336.159863 1144.083311
55 1467.172116 925.344230
56 2084.786701 2066.569300
57 4009.190282 3558.069749
58 2433.602309 3653.960724
59 3361.137251 169.578726
60 2327.661155 2520.355173
61 2067.990378 3451.300475
62 1283.155245 2286.454466
63 851.470962 1447.213414
64 2214.874534 1681.295091
65 750.430403 509.031916
66 3012.536181 3561.997472
67 2559.585896 1570.152216
68 4280.365408 2710.636254
69 3485.733430 564.264246
70 1990.609588 1031.004710
71 2012.857852 1654.087793
72 3879.087787 1906.154950
73 86.893271 3275.911198
74 2620.489714 3618.573052
75 5080.487743 2814.642687
76 3103.764979 2553.863414
77 3601.371981 141.410361
78 460.077700 3877.973845
79 141.855358 3034.775007

0 4687.884777 2812.477650
1 1305.822262 3702.001208
2 5055.633096 1706.865093
3 607.245836 1039.459896
4 3510.460815 45.276345
5 1586.963165 2504.592084
6 3939.377297 3852.559052
7 3835.367298 986.910578
8 3105.805010 1514.439054
9 2292.520278 2180.578812
10 1453.092652 1086.706670
11 342.414560 2427.499940
12 3455.944575 1124.973144
13 3406.915420 3545.082743
14 2715.235547 1229.775699
15 107.542651 3862.352280
16 4504.712657 2679.320370
17 643.824176 3370.956665
18 4840.537133 233.878040
19 1954.238797 1304.088977
20 3801.104465 812.153871
21 5179.808100 121.113857
22 376.017104 731.587350
23 3157.460491 2490.116270
24 2756.542230 1023.321951
25 4045.945716 151.424491
26 1074.777192 2978.692557
27 2833.395050 2009.143793
28 5277.614823 419.608695
29 5029.398525 2263.424877
30 516.979907 29.254935
31 2159.970347 1343.056975
32 4299.080234 1403.936862
33 2557.891191 3835.956457
34 2638.822839 3430.256528
35 3236.811095 1320.508498
36 5055.949192 284.794858
37 3328.535424 2836.578459
38 172.527871 2769.533628
39 204.858057 3590.196011
40 5007.866879 949.666731
41 368.111616 3013.574701
42 4118.243857 2690.505807
43 4330.407696 2320.489912
44 4729.841095 3727.795437
45 498.484384 1963.474429
46 4642.393753 153.003358
47 1578.515780 2272.177675
48 1008.638446 1470.950538
49 3028.369726 3714.858834
50 1677.765759 1542.781582
51 1194.934928 1777.571688
52 2763.564035 2663.108568
53 4611.385037 3434.545277
54 2931.490632 3040.557590
55 886.515097 52.807452
56 2408.762024 2639.203084
57 3003.008989 587.986670
58 4240.526184 1966.956495
59 2272.680658 1767.566233
60 3683.850444 3288.081430
61 4554.681092 3044.795517
62 1843.217469 17.393960
63 4025.264121 2888.914131
64 4510.785656 1898.007803
65 5091.505009 2788.483051
66 5145.628715 1434.222719
67 3294.514239 2016.749294
68 821.935083 971.069679
69 4853.453590 1518.971709
70 3376.551975 1757.975596
71 2658.286535 131.749364
72 738.324820 576.287415
73 2240.175521 121.901255
74 2861.555651 2235.228005
75 2684.849730 1467.854301
76 5079.002717 3370.466607
77 5060.543919 2003.395270
78 1411.192523 2033.529667
79 281.339264 3818.676767

0 3560.952316 1720.421606
1 348.002214 2608.358464
2 3432.061900 1180.168307
3 486.015296 426.813186
4 2046.128102 1781.214189
5 2342.441317 3803.242499
6 4339.954366 3823.414355
7 783.614953 1190.395837
8 2452.020378 158.376974
9 3502.122875 774.750951
10 1432.318483 1541.844483
11 4082.462384 3133.640846
12 4304.184121 90.638217
13 3232.837360 3890.354299
14 1445.071905 3299.110118
15 103.447569 3861.772789
16 3951.233307 1692.692160
17 530.021301 3624.557349
18 5136.910791 1621.152113
19 1724.868906 3359.888227
20 1158.313363 1409.913779
21 2200.502659 3243.615089
22 706.728115 2017.692384
23 2241.095210 2443.741653
24 4547.388735 1916.081019
25 752.838982 398.025091
26 1253.772484 749.162434
27 2288.682136 482.987882
28 3885.474235 527.920516
29 4601.838854 3514.239538
30 5254.202149 166.342491
31 2247.470111 1343.926410
32 4713.648379 3822.265554
33 4305.160026 2873.174001
34 837.611810 3543.227208
35 5014.168338 2297.411073
36 5204.231123 571.971416
37 4286.039887 1375.433002
38 543.141617 1925.453378
39 218.281136 2425.555022
40 3358.079282 305.989644
41 4192.348337 2227.555062
42 4233.619855 3193.163810
43 2617.307324 754.859183
44 4200.469502 3628.884488
45 2053.644442 3743.636233
46 4447.221571 219.045396
47 4747.211680 546.139682
48 3003.528931 1728.455339
49 4895.148378 2882.498590
50 582.411794 902.680091
51 3598.102631 2157.370631
52 2484.289171 1274.985623
53 4562.275439 838.641836
54 3861.660320 1251.980024
55 831.484616 130.654677
56 4060.394373 2078.402510
57 881.720869 1505.570849
58 477.449621 127.112872
59 4225.002477 2655.340170
60 3400.262581 2921.832142
61 1713.932914 2238.834155
62 3833.006796 2675.841504
63 5398.622413 53.372775
64 934.552381 2086.215337
65 1752.259221 1740.227226
66 2700.901600 1743.676707
67 2691.806835 2742.636039
68 1244.635276 2953.769567
69 5150.876448 1993.530765
70 2780.295168 975.848494
71 1431.645567 46.172694
72 278.396220 1612.321782
73 5107.462790 2806.055313
74 172.486423 2792.388647
75 446.870287 3106.208948
76 1644.520775 2981.683610
77 3223.713987 407.603093
78 1295.519105 2355.255329
79 814.341749 3757.386919

0 2423.472338 3083.281457
1 1101.445616 2433.994802
2 501.776437 3135.074970
3 2464.665530 211.909633
4 2364.848026 955.980269
5 2568.777416 3547.795185
6 1286.981913 3647.997615
7 2031.557542 640.408322
8 1318.801092 2711.413773
9 2754.446187 1136.742206
10 4567.263093 3130.948366
11 3569.419712 3249.478258
12 3155.107882 1081.319747
13 1504.753748 2278.703134
14 2071.367309 1031.725332
15 4806.463177 3881.962828
16 2596.007662 1079.140082
17 2229.627964 3049.799114
18 4172.800832 1899.535719
19 352.581632 2087.859479
20 414.851669 2270.245609
21 1548.789469 56.389339
22 926.663907 313.844397
23 5257.859071 1390.052030
24 2789.376122 3649.408063
25 2930.836452 3055.631754
26 4980.315650 592.635477
27 4269.876003 1303.401911
28 3652.388542 352.948248
29 142.420214 3164.668001
30 4985.523241 140.132307
31 468.692753 597.848758
32 3358.663348 719.777591
33 4440.863515 3557.000579
34 1416.890234 3792.302826
35 4089.337847 3443.913266
36 4652.241507 166.164474
37 4041.994420 3832.608324
38 3436.614877 1932.880338
39 3905.034469 420.796130
40 805.855370 629.047496
41 3597.226769 16.060354
42 2375.309900 2720.413862
43 1830.369873 730.586246
44 3975.750007 1003.280900
45 2681.199992 2574.376268
46 1453.117867 530.484016
47 849.640734 3222.696306
48 4485.237422 2484.336250
49 5427.422145 264.162905
50 2558.459532 486.224849
51 5032.375467 1779.428714
52 44.717027 3766.492582
53 3691.243403 1873.259811
54 4315.404221 1534.780340
55 4907.647747 1665.437033
56 2615.816267 2254.912873
57 599.357077 3516.152162
58 946.178397 484.491578
59 3994.267316 3013.012346
60 993.570696 3709.960314
61 1811.642944 3865.765092
62 2985.334698 109.494255
63 245.489103 2693.800547
64 2026.228727 1974.377102
65 1359.338372 2186.670870
66 5306.741443 818.415399
67 2926.944759 2829.044995
68 5147.820869 2899.381161
69 291.599137 3467.810003
70 5030.592151 3414.903086
71 746.048241 2007.464570
72 1133.937444 2689.421856
73 3360.894624 2705.248417
74 3010.516001 1919.640599
75 1490.190764 2819.441838
76 908.479065 1130.949838
77 5351.337294 1.538091
78 1756.478236 2449.735446
79 4343.915525 509.694754

