14.797315
14.021125
14.021125
14.021125
14.021125
14.004895
14.001260
14.001260
14.001260
13.873805
13.873805
13.831590
13.691128
13.681744
13.619325
13.619325
13.619325
13.618176
13.617022
13.598675
13.511691
13.501950
13.431699
13.407763
13.387568
13.316227
13.245314
13.229091
13.226940
13.221137
13.203291
13.200180
13.198413
13.198314
13.193714
13.191662
13.191119
13.189909
13.188830
13.188472
13.187446
13.187323
13.187323
13.187323
13.187319
13.187318
13.187318
13.187318
13.187318
13.187318
13.187318
13.187318
13.187318
13.187318
13.187318
13.187318
13.187279
13.187276
13.187275
13.187274
13.187274
13.187274
13.135861
13.119246
13.117611
13.113257
13.112967
13.111197
13.111178
13.110800
13.110576
13.110430
13.109691
13.109509
13.109493
13.109492
13.109475
13.109475
13.109473
13.109472
13.090355
13.067629
13.058577
13.058577
13.055864
13.052902
13.052633
13.052011
13.034218
13.019530
13.012952
13.012014
13.010973
13.009999
13.009150
13.009058
13.008962
12.992835
12.992835
12.992835
12.987249
12.978095
12.976638
12.976604
12.976444
12.976338
12.976327
12.975800
12.975539
12.975456
12.975432
12.975396
12.975391
12.975371
12.975371
12.975370
12.975370
12.975340
12.975339
12.975339
12.975295
12.975295
12.975290
12.975289
12.975282
12.975277
12.975277
12.975277
12.975276
12.975276
12.975276
12.975276
12.975276
12.975276
12.975276
12.975276
12.955076
12.953467
12.952588
12.952588
12.952552
12.952516
12.952467
12.952466
12.952466
12.952465
12.952462
12.952461
12.952461
12.952461
12.952460
12.952460
12.952460
12.952460
12.952460
12.952460
12.952460
12.952460
12.952460
12.952460
12.952460
12.952460
12.952460
12.952460
12.952460
12.952460
12.952460
12.952460
12.952460
12.952460
12.952460
12.952460
12.952460
12.952460
12.952460
12.952460
12.952460
12.952460
12.952460
12.952460
12.952460
12.952460
12.952460
12.952460
12.952460
12.952460
12.952460
12.952459
12.952429
12.952429
12.952429
12.952429
12.952429
12.952429
12.952429
12.952429
12.952429
12.952429
12.952429
12.952429
12.952429
12.952429
12.952429
12.952429
12.952429
12.952429
12.952429
12.952429
12.952429
12.952429
12.952429
12.952429
12.952429
12.952429
12.952429
12.952429
12.952429
12.952429
12.952429
12.952429
12.952429
12.952429
12.952429
12.952429
12.952429
12.952429
12.952429
12.952429
12.952429
12.952429
12.952429
12.952429
12.952429
12.952429
12.952429
12.952429
12.952429
12.952429
12.952429
12.952429
12.952429
12.952428
12.952428
12.952420
12.952407
12.952406
12.952406
