0 1170.623493 2874.578227
1 1998.246122 2626.780511
2 3131.795392 1383.594638
3 3919.519833 2934.620131
4 5212.532310 2006.476197
5 1650.972732 3781.758294
6 554.047876 1694.738044
7 641.956537 1736.471828
8 2033.448119 3325.163801
9 2845.353354 3486.188138
10 396.553887 512.151425
11 1492.928942 751.709444
12 240.411739 3164.205420
13 2783.974986 1837.681534
14 4472.208300 1112.275005
15 5134.099373 2983.438979
16 1894.364827 1271.284189
17 639.833136 3549.919419
18 3605.769055 2053.207256
19 3698.642424 441.951238
20 4307.804124 2467.120917
21 2994.871222 1241.689350
22 5277.184589 1585.948328
23 4664.015980 1220.303121
24 272.760717 1330.560818
25 2337.274844 1881.891709
26 4648.316981 2976.138529
27 1855.870600 1614.796775
28 4515.066922 561.893093
29 4085.839630 3662.642899
30 2142.040945 2895.773502
31 1644.398373 2826.400033
32 653.636856 1213.946763
33 5178.655420 962.218948
34 2115.913694 3822.154531
35 4942.606171 1070.524944
36 4242.023192 1856.829461
37 4868.139311 3342.655248
38 1750.625979 3286.649632
39 1121.872341 3570.586236
40 5068.511828 2656.334891
41 5010.686038 812.975008
42 4334.886557 2540.555411
43 3354.011192 210.332737
44 4126.636923 3320.568840
45 3197.714427 1992.759885
46 3835.972549 3085.156980
47 3532.096752 657.547278
48 865.396202 1920.300195
49 16.471111 3897.618343
50 1223.549707 54.284810
51 3202.641480 3161.165779
52 5168.810255 111.377465
53 4846.529608 14.953059
54 1931.905035 81.338403
55 2308.863632 1723.190159
56 4310.292125 18.984372
57 643.956390 899.606142
58 929.578055 1266.165903
59 3664.740210 1132.888920
60 3743.175552 566.529053
61 290.671271 3638.625531
62 883.532363 3216.300724
63 3382.329554 129.993429
64 2018.256440 3856.659977
65 1882.892659 3563.168880
66 2670.462491 1737.782168
67 3209.510912 92.060669
68 4209.103918 1184.635798
69 1178.931250 396.625714
70 3376.605926 2196.639152
71 2290.722774 2490.196816
72 3949.470174 1948.520567
73 1663.138710 88.884904
74 2074.529918 425.726954
75 298.835858 2947.065590
76 888.316262 451.734601
77 4734.729805 784.787012
78 5104.735942 1098.289589
79 3644.635823 501.679338

0 1170.623493 2874.578227
1 1998.246122 2626.780511
2 3131.795392 1383.594638
3 3919.519833 2934.620131
4 5212.532310 2006.476197
5 1650.972732 3781.758294
6 554.047876 1694.738044
7 641.956537 1736.471828
8 2033.448119 3325.163801
9 2845.353354 3486.188138
10 396.553887 512.151425
11 1492.928942 751.709444
12 240.411739 3164.205420
13 2783.974986 1837.681534
14 4472.208300 1112.275005
15 5134.099373 2983.438979
16 1894.364827 1271.284189
17 639.833136 3549.919419
18 3605.769055 2053.207256
19 3698.642424 441.951238
20 4307.804124 2467.120917
21 2994.871222 1241.689350
22 5277.184589 1585.948328
23 4664.015980 1220.303121
24 272.760717 1330.560818
25 2337.274844 1881.891709
26 4648.316981 2976.138529
27 1855.870600 1614.796775
28 4515.066922 561.893093
29 4085.839630 3662.642899
30 2142.040945 2895.773502
31 1644.398373 2826.400033
32 653.636856 1213.946763
33 5178.655420 962.218948
34 2115.913694 3822.154531
35 4942.606171 1070.524944
36 4242.023192 1856.829461
37 4868.139311 3342.655248
38 1750.625979 3286.649632
39 1121.872341 3570.586236
40 5068.511828 2656.334891
41 5010.686038 812.975008
42 4334.886557 2540.555411
43 3354.011192 210.332737
44 4126.636923 3320.568840
45 3197.714427 1992.759885
46 3835.972549 3085.156980
47 3532.096752 657.547278
48 865.396202 1920.300195
49 16.471111 3897.618343
50 1223.549707 54.284810
51 3202.641480 3161.165779
52 5168.810255 111.377465
53 4846.529608 14.953059
54 1931.905035 81.338403
55 2308.863632 1723.190159
56 4310.292125 18.984372
57 643.956390 899.606142
58 929.578055 1266.165903
59 3664.740210 1132.888920
60 3743.175552 566.529053
61 290.671271 3638.625531
62 883.532363 3216.300724
63 3382.329554 129.993429
64 2018.256440 3856.659977
65 1882.892659 3563.168880
66 2670.462491 1737.782168
67 3209.510912 92.060669
68 4209.103918 1184.635798
69 1178.931250 396.625714
70 3376.605926 2196.639152
71 2290.722774 2490.196816
72 3949.470174 1948.520567
73 1663.138710 88.884904
74 2074.529918 425.726954
75 298.835858 2947.065590
76 888.316262 451.734601
77 4734.729805 784.787012
78 5104.735942 1098.289589
79 3644.635823 501.679338

0 1170.623493 2874.578227
1 1998.246122 2626.780511
2 3131.795392 1383.594638
3 3919.519833 2934.620131
4 5212.532310 2006.476197
5 1650.972732 3781.758294
6 554.047876 1694.738044
7 641.956537 1736.471828
8 2033.448119 3325.163801
9 2845.353354 3486.188138
10 396.553887 512.151425
11 1492.928942 751.709444
12 240.411739 3164.205420
13 2783.974986 1837.681534
14 4472.208300 1112.275005
15 5134.099373 2983.438979
16 1894.364827 1271.284189
17 639.833136 3549.919419
18 3605.769055 2053.207256
19 3698.642424 441.951238
20 4307.804124 2467.120917
21 2994.871222 1241.689350
22 5277.184589 1585.948328
23 4664.015980 1220.303121
24 272.760717 1330.560818
25 2337.274844 1881.891709
26 4648.316981 2976.138529
27 1855.870600 1614.796775
28 4515.066922 561.893093
29 4085.839630 3662.642899
30 2142.040945 2895.773502
31 1644.398373 2826.400033
32 653.636856 1213.946763
33 5178.655420 962.218948
34 2115.913694 3822.154531
35 4942.606171 1070.524944
36 4242.023192 1856.829461
37 4868.139311 3342.655248
38 1750.625979 3286.649632
39 1121.872341 3570.586236
40 5068.511828 2656.334891
41 5010.686038 812.975008
42 4334.886557 2540.555411
43 3354.011192 210.332737
44 4126.636923 3320.568840
45 3197.714427 1992.759885
46 3835.972549 3085.156980
47 3532.096752 657.547278
48 865.396202 1920.300195
49 16.471111 3897.618343
50 1223.549707 54.284810
51 3202.641480 3161.165779
52 5168.810255 111.377465
53 4846.529608 14.953059
54 1931.905035 81.338403
55 2308.863632 1723.190159
56 4310.292125 18.984372
57 643.956390 899.606142
58 929.578055 1266.165903
59 3664.740210 1132.888920
60 3743.175552 566.529053
61 290.671271 3638.625531
62 883.532363 3216.300724
63 3382.329554 129.993429
64 2018.256440 3856.659977
65 1882.892659 3563.168880
66 2670.462491 1737.782168
67 3209.510912 92.060669
68 4209.103918 1184.635798
69 1178.931250 396.625714
70 3376.605926 2196.639152
71 2290.722774 2490.196816
72 3949.470174 1948.520567
73 1663.138710 88.884904
74 2074.529918 425.726954
75 298.835858 2947.065590
76 888.316262 451.734601
77 4734.729805 784.787012
78 5104.735942 1098.289589
79 3644.635823 501.679338

0 1170.623493 2874.578227
1 1998.246122 2626.780511
2 3131.795392 1383.594638
3 3919.519833 2934.620131
4 5212.532310 2006.476197
5 1650.972732 3781.758294
6 554.047876 1694.738044
7 641.956537 1736.471828
8 2033.448119 3325.163801
9 2845.353354 3486.188138
10 396.553887 512.151425
11 1492.928942 751.709444
12 240.411739 3164.205420
13 2783.974986 1837.681534
14 4472.208300 1112.275005
15 5134.099373 2983.438979
16 1894.364827 1271.284189
17 639.833136 3549.919419
18 3605.769055 2053.207256
19 3698.642424 441.951238
20 4307.804124 2467.120917
21 2994.871222 1241.689350
22 5277.184589 1585.948328
23 4664.015980 1220.303121
24 272.760717 1330.560818
25 2337.274844 1881.891709
26 4648.316981 2976.138529
27 1855.870600 1614.796775
28 4515.066922 561.893093
29 4085.839630 3662.642899
30 2142.040945 2895.773502
31 1644.398373 2826.400033
32 653.636856 1213.946763
33 5178.655420 962.218948
34 2115.913694 3822.154531
35 4942.606171 1070.524944
36 4242.023192 1856.829461
37 4868.139311 3342.655248
38 1750.625979 3286.649632
39 1121.872341 3570.586236
40 5068.511828 2656.334891
41 5010.686038 812.975008
42 4334.886557 2540.555411
43 3354.011192 210.332737
44 4126.636923 3320.568840
45 3197.714427 1992.759885
46 3835.972549 3085.156980
47 3532.096752 657.547278
48 865.396202 1920.300195
49 16.471111 3897.618343
50 1223.549707 54.284810
51 3202.641480 3161.165779
52 5168.810255 111.377465
53 4846.529608 14.953059
54 1931.905035 81.338403
55 2308.863632 1723.190159
56 4310.292125 18.984372
57 643.956390 899.606142
58 929.578055 1266.165903
59 3664.740210 1132.888920
60 3743.175552 566.529053
61 290.671271 3638.625531
62 883.532363 3216.300724
63 3382.329554 129.993429
64 2018.256440 3856.659977
65 1882.892659 3563.168880
66 2670.462491 1737.782168
67 3209.510912 92.060669
68 4209.103918 1184.635798
69 1178.931250 396.625714
70 3376.605926 2196.639152
71 2290.722774 2490.196816
72 3949.470174 1948.520567
73 1663.138710 88.884904
74 2074.529918 425.726954
75 298.835858 2947.065590
76 888.316262 451.734601
77 4734.729805 784.787012
78 5104.735942 1098.289589
79 3644.635823 501.679338

0 1170.623493 2874.578227
1 1998.246122 2626.780511
2 3131.795392 1383.594638
3 3919.519833 2934.620131
4 5212.532310 2006.476197
5 1650.972732 3781.758294
6 554.047876 1694.738044
7 641.956537 1736.471828
8 2033.448119 3325.163801
9 2845.353354 3486.188138
10 396.553887 512.151425
11 1492.928942 751.709444
12 240.411739 3164.205420
13 2783.974986 1837.681534
14 4472.208300 1112.275005
15 5134.099373 2983.438979
16 1894.364827 1271.284189
17 639.833136 3549.919419
18 3605.769055 2053.207256
19 3698.642424 441.951238
20 4307.804124 2467.120917
21 2994.871222 1241.689350
22 5277.184589 1585.948328
23 4664.015980 1220.303121
24 272.760717 1330.560818
25 2337.274844 1881.891709
26 4648.316981 2976.138529
27 1855.870600 1614.796775
28 4515.066922 561.893093
29 4085.839630 3662.642899
30 2142.040945 2895.773502
31 1644.398373 2826.400033
32 653.636856 1213.946763
33 5178.655420 962.218948
34 2115.913694 3822.154531
35 4942.606171 1070.524944
36 4242.023192 1856.829461
37 4868.139311 3342.655248
38 1750.625979 3286.649632
39 1121.872341 3570.586236
40 5068.511828 2656.334891
41 5010.686038 812.975008
42 4334.886557 2540.555411
43 3354.011192 210.332737
44 4126.636923 3320.568840
45 3197.714427 1992.759885
46 3835.972549 3085.156980
47 3532.096752 657.547278
48 865.396202 1920.300195
49 16.471111 3897.618343
50 1223.549707 54.284810
51 3202.641480 3161.165779
52 5168.810255 111.377465
53 4846.529608 14.953059
54 1931.905035 81.338403
55 2308.863632 1723.190159
56 4310.292125 18.984372
57 643.956390 899.606142
58 929.578055 1266.165903
59 3664.740210 1132.888920
60 3743.175552 566.529053
61 290.671271 3638.625531
62 883.532363 3216.300724
63 3382.329554 129.993429
64 2018.256440 3856.659977
65 1882.892659 3563.168880
66 2670.462491 1737.782168
67 3209.510912 92.060669
68 4209.103918 1184.635798
69 1178.931250 396.625714
70 3376.605926 2196.639152
71 2290.722774 2490.196816
72 3949.470174 1948.520567
73 1663.138710 88.884904
74 2074.529918 425.726954
75 298.835858 2947.065590
76 888.316262 451.734601
77 4734.729805 784.787012
78 5104.735942 1098.289589
79 3644.635823 501.679338

0 1170.464782 2875.143988
1 1998.444301 2626.729661
2 3131.522162 1383.739050
3 3920.168643 2934.641713
4 5213.510849 2006.256264
5 1650.637765 3782.556110
6 553.770957 1694.575254
7 641.003725 1736.500476
8 2033.352071 3325.392889
9 2845.428260 3486.291712
10 396.242161 512.043855
11 1492.744655 751.554300
12 239.859250 3164.262612
13 2784.224201 1837.360298
14 4472.788968 1111.886176
15 5134.685015 2983.400353
16 1893.828061 1270.954040
17 639.771640 3549.948974
18 3605.912133 2053.404560
19 3698.650158 441.290313
20 4307.919741 2467.165604
21 2995.161856 1241.417526
22 5277.992219 1586.003403
23 4664.121060 1220.129099
24 272.585296 1330.110447
25 2337.306744 1882.053435
26 4648.257448 2976.577039
27 1855.711680 1614.773723
28 4515.270847 561.871682
29 4085.956987 3662.984034
30 2141.654711 2895.779971
31 1644.036243 2826.619675
32 653.533668 1213.948194
33 5179.216978 962.155161
34 2115.792674 3822.278450
35 4942.695861 1070.063386
36 4241.937903 1856.749808
37 4868.948889 3342.619749
38 1750.523134 3286.894733
39 1121.882946 3571.263821
40 5069.414167 2656.335239
41 5010.695571 812.926614
42 4335.343111 2540.631756
43 3354.162397 210.246140
44 4127.090334 3320.698335
45 3197.940097 1992.595498
46 3835.970757 3085.213438
47 3532.164163 657.543282
48 865.330366 1920.400897
49 15.919594 3898.479417
50 1223.490929 54.215015
51 3202.600531 3161.301401
52 5168.935029 111.034550
53 4847.219036 14.707949
54 1931.987695 81.128258
55 2308.985113 1723.088444
56 4310.288925 18.833326
57 643.033506 899.312310
58 929.465807 1266.258512
59 3664.912400 1132.942965
60 3743.011935 566.476679
61 290.440273 3638.894939
62 883.578875 3216.660398
63 3382.364736 129.984494
64 2017.847813 3856.975350
65 1882.920732 3563.290756
66 2670.434337 1737.651582
67 3209.646682 91.605973
68 4209.748263 1184.480219
69 1178.959647 395.996192
70 3376.764008 2196.551509
71 2290.542063 2490.313569
72 3949.531738 1948.650934
73 1662.601521 88.198045
74 2074.727537 424.984916
75 298.637666 2947.437995
76 888.158131 451.536509
77 4734.935457 784.806945
78 5104.885693 1097.921195
79 3644.784443 501.725834

0 1170.408839 2875.343411
1 1998.514156 2626.711738
2 3131.425853 1383.789953
3 3920.397339 2934.649321
4 5213.855770 2006.178740
5 1650.519695 3782.837329
6 553.673347 1694.517872
7 640.667873 1736.510573
8 2033.318216 3325.473639
9 2845.454663 3486.328221
10 396.132282 512.005938
11 1492.679696 751.499614
12 239.664506 3164.282771
13 2784.312045 1837.247067
14 4472.993645 1111.749119
15 5134.891445 2983.386738
16 1893.638859 1270.837667
17 639.749964 3549.959391
18 3605.962566 2053.474107
19 3698.652884 441.057347
20 4307.960495 2467.181356
21 2995.264300 1241.321713
22 5278.276897 1586.022816
23 4664.158099 1220.067759
24 272.523463 1329.951697
25 2337.317988 1882.110441
26 4648.236463 2976.731608
27 1855.655662 1614.765598
28 4515.342728 561.864135
29 4085.998353 3663.104279
30 2141.518569 2895.782251
31 1643.908597 2826.697096
32 653.497295 1213.948698
33 5179.414920 962.132678
34 2115.750017 3822.322130
35 4942.727475 1069.900693
36 4241.907839 1856.721731
37 4869.234254 3342.607236
38 1750.486882 3286.981128
39 1121.886685 3571.502660
40 5069.732229 2656.335362
41 5010.698931 812.909556
42 4335.504039 2540.658666
43 3354.215694 210.215615
44 4127.250155 3320.743980
45 3198.019642 1992.537554
46 3835.970125 3085.233339
47 3532.187925 657.541873
48 865.307159 1920.436394
49 15.725192 3898.782934
50 1223.470210 54.190413
51 3202.586097 3161.349206
52 5168.979010 110.913678
53 4847.462049 14.621551
54 1932.016831 81.054185
55 2309.027934 1723.052591
56 4310.287796 18.780084
57 642.708202 899.208738
58 929.426241 1266.291155
59 3664.973095 1132.962015
60 3742.954262 566.458218
61 290.358850 3638.989901
62 883.595270 3216.787178
63 3382.377137 129.981344
64 2017.703778 3857.086515
65 1882.930627 3563.333716
66 2670.424413 1737.605552
67 3209.694539 91.445699
68 4209.975386 1184.425379
69 1178.969657 395.774294
70 3376.819730 2196.520616
71 2290.478365 2490.354722
72 3949.553438 1948.696886
73 1662.412169 87.955936
74 2074.797195 424.723358
75 298.567805 2947.569262
76 888.102391 451.466684
77 4735.007947 784.813972
78 5104.938477 1097.791341
79 3644.836829 501.742224

0 1170.408839 2875.343411
1 1998.514156 2626.711738
2 3131.425853 1383.789953
3 3920.397339 2934.649321
4 5213.855770 2006.178740
5 1650.519695 3782.837329
6 553.673347 1694.517872
7 640.667873 1736.510573
8 2033.318216 3325.473639
9 2845.454663 3486.328221
10 396.132282 512.005938
11 1492.679696 751.499614
12 239.664506 3164.282771
13 2784.312045 1837.247067
14 4472.993645 1111.749119
15 5134.891445 2983.386738
16 1893.638859 1270.837667
17 639.749964 3549.959391
18 3605.962566 2053.474107
19 3698.652884 441.057347
20 4307.960495 2467.181356
21 2995.264300 1241.321713
22 5278.276897 1586.022816
23 4664.158099 1220.067759
24 272.523463 1329.951697
25 2337.317988 1882.110441
26 4648.236463 2976.731608
27 1855.655662 1614.765598
28 4515.342728 561.864135
29 4085.998353 3663.104279
30 2141.518569 2895.782251
31 1643.908597 2826.697096
32 653.497295 1213.948698
33 5179.414920 962.132678
34 2115.750017 3822.322130
35 4942.727475 1069.900693
36 4241.907839 1856.721731
37 4869.234254 3342.607236
38 1750.486882 3286.981128
39 1121.886685 3571.502660
40 5069.732229 2656.335362
41 5010.698931 812.909556
42 4335.504039 2540.658666
43 3354.215694 210.215615
44 4127.250155 3320.743980
45 3198.019642 1992.537554
46 3835.970125 3085.233339
47 3532.187925 657.541873
48 865.307159 1920.436394
49 15.725192 3898.782934
50 1223.470210 54.190413
51 3202.586097 3161.349206
52 5168.979010 110.913678
53 4847.462049 14.621551
54 1932.016831 81.054185
55 2309.027934 1723.052591
56 4310.287796 18.780084
57 642.708202 899.208738
58 929.426241 1266.291155
59 3664.973095 1132.962015
60 3742.954262 566.458218
61 290.358850 3638.989901
62 883.595270 3216.787178
63 3382.377137 129.981344
64 2017.703778 3857.086515
65 1882.930627 3563.333716
66 2670.424413 1737.605552
67 3209.694539 91.445699
68 4209.975386 1184.425379
69 1178.969657 395.774294
70 3376.819730 2196.520616
71 2290.478365 2490.354722
72 3949.553438 1948.696886
73 1662.412169 87.955936
74 2074.797195 424.723358
75 298.567805 2947.569262
76 888.102391 451.466684
77 4735.007947 784.813972
78 5104.938477 1097.791341
79 3644.836829 501.742224

0 1170.408839 2875.343411
1 1998.514156 2626.711738
2 3131.425853 1383.789953
3 3920.397339 2934.649321
4 5213.855770 2006.178740
5 1650.519695 3782.837329
6 553.673347 1694.517872
7 640.667873 1736.510573
8 2033.318216 3325.473639
9 2845.454663 3486.328221
10 396.132282 512.005938
11 1492.679696 751.499614
12 239.664506 3164.282771
13 2784.312045 1837.247067
14 4472.993645 1111.749119
15 5134.891445 2983.386738
16 1893.638859 1270.837667
17 639.749964 3549.959391
18 3605.962566 2053.474107
19 3698.652884 441.057347
20 4307.960495 2467.181356
21 2995.264300 1241.321713
22 5278.276897 1586.022816
23 4664.158099 1220.067759
24 272.523463 1329.951697
25 2337.317988 1882.110441
26 4648.236463 2976.731608
27 1855.655662 1614.765598
28 4515.342728 561.864135
29 4085.998353 3663.104279
30 2141.518569 2895.782251
31 1643.908597 2826.697096
32 653.497295 1213.948698
33 5179.414920 962.132678
34 2115.750017 3822.322130
35 4942.727475 1069.900693
36 4241.907839 1856.721731
37 4869.234254 3342.607236
38 1750.486882 3286.981128
39 1121.886685 3571.502660
40 5069.732229 2656.335362
41 5010.698931 812.909556
42 4335.504039 2540.658666
43 3354.215694 210.215615
44 4127.250155 3320.743980
45 3198.019642 1992.537554
46 3835.970125 3085.233339
47 3532.187925 657.541873
48 865.307159 1920.436394
49 15.725192 3898.782934
50 1223.470210 54.190413
51 3202.586097 3161.349206
52 5168.979010 110.913678
53 4847.462049 14.621551
54 1932.016831 81.054185
55 2309.027934 1723.052591
56 4310.287796 18.780084
57 642.708202 899.208738
58 929.426241 1266.291155
59 3664.973095 1132.962015
60 3742.954262 566.458218
61 290.358850 3638.989901
62 883.595270 3216.787178
63 3382.377137 129.981344
64 2017.703778 3857.086515
65 1882.930627 3563.333716
66 2670.424413 1737.605552
67 3209.694539 91.445699
68 4209.975386 1184.425379
69 1178.969657 395.774294
70 3376.819730 2196.520616
71 2290.478365 2490.354722
72 3949.553438 1948.696886
73 1662.412169 87.955936
74 2074.797195 424.723358
75 298.567805 2947.569262
76 888.102391 451.466684
77 4735.007947 784.813972
78 5104.938477 1097.791341
79 3644.836829 501.742224

0 1170.408839 2875.343411
1 1998.514156 2626.711738
2 3131.425853 1383.789953
3 3920.397339 2934.649321
4 5213.855770 2006.178740
5 1650.519695 3782.837329
6 553.673347 1694.517872
7 640.667873 1736.510573
8 2033.318216 3325.473639
9 2845.454663 3486.328221
10 396.132282 512.005938
11 1492.679696 751.499614
12 239.664506 3164.282771
13 2784.312045 1837.247067
14 4472.993645 1111.749119
15 5134.891445 2983.386738
16 1893.638859 1270.837667
17 639.749964 3549.959391
18 3605.962566 2053.474107
19 3698.652884 441.057347
20 4307.960495 2467.181356
21 2995.264300 1241.321713
22 5278.276897 1586.022816
23 4664.158099 1220.067759
24 272.523463 1329.951697
25 2337.317988 1882.110441
26 4648.236463 2976.731608
27 1855.655662 1614.765598
28 4515.342728 561.864135
29 4085.998353 3663.104279
30 2141.518569 2895.782251
31 1643.908597 2826.697096
32 653.497295 1213.948698
33 5179.414920 962.132678
34 2115.750017 3822.322130
35 4942.727475 1069.900693
36 4241.907839 1856.721731
37 4869.234254 3342.607236
38 1750.486882 3286.981128
39 1121.886685 3571.502660
40 5069.732229 2656.335362
41 5010.698931 812.909556
42 4335.504039 2540.658666
43 3354.215694 210.215615
44 4127.250155 3320.743980
45 3198.019642 1992.537554
46 3835.970125 3085.233339
47 3532.187925 657.541873
48 865.307159 1920.436394
49 15.725192 3898.782934
50 1223.470210 54.190413
51 3202.586097 3161.349206
52 5168.979010 110.913678
53 4847.462049 14.621551
54 1932.016831 81.054185
55 2309.027934 1723.052591
56 4310.287796 18.780084
57 642.708202 899.208738
58 929.426241 1266.291155
59 3664.973095 1132.962015
60 3742.954262 566.458218
61 290.358850 3638.989901
62 883.595270 3216.787178
63 3382.377137 129.981344
64 2017.703778 3857.086515
65 1882.930627 3563.333716
66 2670.424413 1737.605552
67 3209.694539 91.445699
68 4209.975386 1184.425379
69 1178.969657 395.774294
70 3376.819730 2196.520616
71 2290.478365 2490.354722
72 3949.553438 1948.696886
73 1662.412169 87.955936
74 2074.797195 424.723358
75 298.567805 2947.569262
76 888.102391 451.466684
77 4735.007947 784.813972
78 5104.938477 1097.791341
79 3644.836829 501.742224

0 1167.494065 2877.828122
1 1995.768740 2628.563798
2 3130.227697 1382.792429
3 3922.915265 2934.494295
4 5214.256792 2004.560862
5 1647.027782 3784.624904
6 552.433656 1693.312793
7 638.663248 1737.097443
8 2034.450421 3325.596795
9 2843.782032 3488.424501
10 394.474928 511.636384
11 1489.773655 749.527015
12 239.541624 3165.802558
13 2786.039697 1838.337522
14 4472.110907 1112.397329
15 5135.912364 2985.912152
16 1894.891677 1269.275992
17 639.090101 3552.294541
18 3604.709586 2052.649051
19 3699.458012 441.186702
20 4309.282468 2466.141744
21 2995.785205 1241.803084
22 5279.037221 1585.858462
23 4663.759516 1218.081243
24 269.784425 1329.571406
25 2336.363249 1882.078624
26 4649.318447 2976.103346
27 1853.768536 1616.027002
28 4516.404678 559.762970
29 4087.720803 3665.415495
30 2141.556824 2897.170505
31 1641.455739 2828.407932
32 651.059564 1214.715754
33 5180.965461 960.371116
34 2115.724172 3822.569059
35 4944.695438 1069.547365
36 4240.906042 1858.421064
37 4869.201994 3343.079892
38 1748.485166 3286.645680
39 1118.474673 3573.438440
40 5072.132943 2657.084255
41 5012.412505 813.598093
42 4334.456784 2543.014912
43 3352.633633 209.907370
44 4129.531399 3323.140756
45 3198.787318 1993.244658
46 3835.611219 3085.390136
47 3535.185518 657.267628
48 864.455478 1919.865932
49 12.910238 3900.749201
50 1220.243126 53.790368
51 3203.515664 3162.476900
52 5168.720296 110.923211
53 4849.736904 12.131200
54 1933.412964 80.617440
55 2309.707262 1723.404746
56 4311.849032 16.553665
57 639.657526 898.979161
58 926.300444 1267.327511
59 3668.274025 1131.580052
60 3743.015706 564.125524
61 287.259873 3641.412093
62 880.319222 3218.308611
63 3382.813305 128.717049
64 2015.441082 3858.162471
65 1882.260283 3563.923385
66 2670.606412 1735.726951
67 3210.925006 89.074838
68 4210.176987 1183.084726
69 1175.779621 393.299997
70 3379.424273 2195.047643
71 2291.472645 2490.078172
72 3951.002810 1949.983236
73 1661.346660 87.101730
74 2074.718659 422.558782
75 295.342604 2948.429475
76 884.596884 448.966975
77 4734.954675 785.529205
78 5105.054958 1098.333186
79 3645.592830 499.723910

0 1167.494065 2877.828122
1 1995.768740 2628.563798
2 3130.227697 1382.792429
3 3922.915265 2934.494295
4 5214.256792 2004.560862
5 1647.027782 3784.624904
6 552.433656 1693.312793
7 638.663248 1737.097443
8 2034.450421 3325.596795
9 2843.782032 3488.424501
10 394.474928 511.636384
11 1489.773655 749.527015
12 239.541624 3165.802558
13 2786.039697 1838.337522
14 4472.110907 1112.397329
15 5135.912364 2985.912152
16 1894.891677 1269.275992
17 639.090101 3552.294541
18 3604.709586 2052.649051
19 3699.458012 441.186702
20 4309.282468 2466.141744
21 2995.785205 1241.803084
22 5279.037221 1585.858462
23 4663.759516 1218.081243
24 269.784425 1329.571406
25 2336.363249 1882.078624
26 4649.318447 2976.103346
27 1853.768536 1616.027002
28 4516.404678 559.762970
29 4087.720803 3665.415495
30 2141.556824 2897.170505
31 1641.455739 2828.407932
32 651.059564 1214.715754
33 5180.965461 960.371116
34 2115.724172 3822.569059
35 4944.695438 1069.547365
36 4240.906042 1858.421064
37 4869.201994 3343.079892
38 1748.485166 3286.645680
39 1118.474673 3573.438440
40 5072.132943 2657.084255
41 5012.412505 813.598093
42 4334.456784 2543.014912
43 3352.633633 209.907370
44 4129.531399 3323.140756
45 3198.787318 1993.244658
46 3835.611219 3085.390136
47 3535.185518 657.267628
48 864.455478 1919.865932
49 12.910238 3900.749201
50 1220.243126 53.790368
51 3203.515664 3162.476900
52 5168.720296 110.923211
53 4849.736904 12.131200
54 1933.412964 80.617440
55 2309.707262 1723.404746
56 4311.849032 16.553665
57 639.657526 898.979161
58 926.300444 1267.327511
59 3668.274025 1131.580052
60 3743.015706 564.125524
61 287.259873 3641.412093
62 880.319222 3218.308611
63 3382.813305 128.717049
64 2015.441082 3858.162471
65 1882.260283 3563.923385
66 2670.606412 1735.726951
67 3210.925006 89.074838
68 4210.176987 1183.084726
69 1175.779621 393.299997
70 3379.424273 2195.047643
71 2291.472645 2490.078172
72 3951.002810 1949.983236
73 1661.346660 87.101730
74 2074.718659 422.558782
75 295.342604 2948.429475
76 884.596884 448.966975
77 4734.954675 785.529205
78 5105.054958 1098.333186
79 3645.592830 499.723910

0 1165.174434 2878.723634
1 1995.218339 2628.201294
2 3129.735595 1381.829977
3 3922.402847 2935.006274
4 5214.707275 2005.175651
5 1645.261426 3786.001726
6 551.025190 1692.462130
7 636.282947 1738.026741
8 2034.986167 3326.444939
9 2843.228044 3489.439705
10 390.406435 511.065612
11 1489.899591 749.069045
12 238.855793 3168.251867
13 2785.128943 1837.524638
14 4472.318353 1111.456174
15 5137.419663 2988.693441
16 1893.857788 1267.902726
17 637.100207 3555.549575
18 3604.708420 2052.058952
19 3698.986606 439.711841
20 4311.671850 2466.219738
21 2997.058493 1241.071296
22 5280.332153 1585.042338
23 4667.149481 1216.474384
24 267.984222 1330.178585
25 2337.374773 1880.730095
26 4650.082614 2977.820652
27 1853.574629 1615.872766
28 4518.199901 558.018320
29 4088.600130 3666.776095
30 2139.608743 2898.041513
31 1642.146282 2828.605707
32 649.996009 1214.486423
33 5182.547533 959.188565
34 2114.887501 3823.017386
35 4948.969547 1068.502961
36 4240.139181 1859.388480
37 4870.920077 3343.767597
38 1747.387047 3288.198765
39 1117.087421 3576.200147
40 5074.718612 2656.530292
41 5016.726048 812.228911
42 4337.276843 2544.737667
43 3353.574059 208.828029
44 4129.312888 3325.240186
45 3200.057588 1992.559994
46 3835.836843 3085.758680
47 3537.833973 656.134386
48 861.253995 1920.250159
49 11.862769 3903.871999
50 1219.086372 52.066664
51 3202.572568 3163.147170
52 5171.756813 108.049580
53 4853.245835 10.975080
54 1933.907750 80.053953
55 2310.518249 1722.745122
56 4313.583616 13.950298
57 637.787859 897.947538
58 923.017110 1267.730253
59 3669.132346 1129.202956
60 3744.444007 561.820065
61 286.123276 3642.665523
62 879.187832 3219.372893
63 3383.619253 128.403645
64 2013.973498 3860.864329
65 1880.858602 3565.059061
66 2669.182493 1736.144670
67 3210.339433 85.755784
68 4209.612547 1183.485530
69 1173.459599 390.246474
70 3381.857996 2195.611196
71 2289.958146 2491.804622
72 3953.718945 1950.121651
73 1660.591784 85.652381
74 2073.595930 419.979075
75 293.449655 2949.303606
76 883.420779 445.769159
77 4738.586875 785.330601
78 5108.132536 1097.898450
79 3646.734675 497.924579

0 1164.628467 2878.942604
1 1995.076412 2628.129883
2 3129.616274 1381.604724
3 3922.301302 2935.121965
4 5214.812311 2005.305943
5 1644.838012 3786.326133
6 550.696878 1692.261090
7 635.728645 1738.241967
8 2035.115031 3326.638883
9 2843.091766 3489.683599
10 389.469670 510.933366
11 1489.910760 748.952831
12 238.698823 3168.818965
13 2784.931895 1837.346042
14 4472.360288 1111.245693
15 5137.769170 2989.342223
16 1893.629828 1267.580491
17 636.642945 3556.305126
18 3604.700601 2051.919558
19 3698.884076 439.376657
20 4312.224103 2466.231237
21 2997.351680 1240.907501
22 5280.631714 1584.855440
23 4667.919289 1216.096378
24 267.557636 1330.314603
25 2337.599436 1880.422718
26 4650.263209 2978.208055
27 1853.519081 1615.845236
28 4518.615242 557.608235
29 4088.810818 3667.099963
30 2139.165214 2898.248292
31 1642.288796 2828.661072
32 649.739043 1214.438808
33 5182.917265 958.908569
34 2114.696757 3823.121000
35 4949.955023 1068.262923
36 4239.958456 1859.619095
37 4871.311251 3343.927100
38 1747.124837 3288.550525
39 1116.750845 3576.840915
40 5075.322083 2656.408618
41 5017.718974 811.921172
42 4337.912920 2545.144304
43 3353.778744 208.580304
44 4129.276866 3325.732871
45 3200.351575 1992.408295
46 3835.886075 3085.843577
47 3538.455343 655.874588
48 860.519585 1920.334245
49 11.607193 3904.595205
50 1218.803418 51.671604
51 3202.363341 3163.306651
52 5172.446951 107.395043
53 4854.058860 10.696711
54 1934.028875 79.922962
55 2310.707081 1722.596987
56 4313.988154 13.343847
57 637.343570 897.711157
58 922.250346 1267.828242
59 3669.347765 1128.653140
60 3744.769733 561.280835
61 285.845685 3642.965647
62 878.910361 3219.624501
63 3383.805472 128.324632
64 2013.625551 3861.486280
65 1880.535267 3565.321314
66 2668.859232 1736.228498
67 3210.213461 84.985434
68 4209.485188 1183.568748
69 1172.911884 389.535986
70 3382.428082 2195.730689
71 2289.619147 2492.196228
72 3954.346399 1950.160935
73 1660.413404 85.317079
74 2073.339707 419.378386
75 292.999011 2949.507913
76 883.131738 445.025650
77 4739.413944 785.289672
78 5108.834289 1097.802686
79 3646.999337 497.502537

0 1164.121999 2879.109407
1 1994.999632 2628.001977
2 3129.521079 1381.390106
3 3922.122615 2935.250619
4 5214.914157 2005.490682
5 1644.479229 3786.625534
6 550.378152 1692.078233
7 635.188088 1738.457143
8 2035.222307 3326.843983
9 2842.991441 3489.887921
10 388.508355 510.801398
11 1490.003002 748.882358
12 238.533466 3169.386665
13 2784.672358 1837.123935
14 4472.429741 1111.001517
15 5138.116722 2989.969973
16 1893.350168 1267.277188
17 636.169582 3557.052912
18 3604.726790 2051.792481
19 3698.751622 439.012745
20 4312.781307 2466.272303
21 2997.652490 1240.718122
22 5280.932765 1584.659052
23 4668.757879 1215.744847
24 267.174657 1330.471330
25 2337.867320 1880.093149
26 4650.427485 2978.641880
27 1853.511468 1615.780813
28 4519.032437 557.225383
29 4088.989763 3667.384327
30 2138.687340 2898.432261
31 1642.509729 2828.673357
32 649.530095 1214.366440
33 5183.271938 958.656194
34 2114.492411 3823.225574
35 4950.960128 1068.014624
36 4239.791826 1859.820100
37 4871.732674 3344.085526
38 1746.898212 3288.937947
39 1116.483213 3577.476329
40 5075.904564 2656.257135
41 5018.739111 811.571325
42 4338.625652 2545.516404
43 3354.042472 208.322498
44 4129.175155 3326.196359
45 3200.646431 1992.225688
46 3835.948911 3085.930517
47 3539.040587 655.602863
48 859.753569 1920.440391
49 11.410155 3905.318402
50 1218.588325 51.257939
51 3202.112746 3163.446966
52 5173.196030 106.691118
53 4854.870097 10.466208
54 1934.120545 79.794198
55 2310.891330 1722.428011
56 4314.379949 12.753350
57 636.950165 897.463374
58 921.512335 1267.904972
59 3669.488215 1128.100212
60 3745.118212 560.765538
61 285.632822 3643.221422
62 878.702514 3219.852987
63 3383.993625 128.274596
64 2013.313963 3862.125204
65 1880.206173 3565.586971
66 2668.506683 1736.370486
67 3210.044062 84.222724
68 4209.342703 1183.695227
69 1172.411135 388.840488
70 3382.969045 2195.899820
71 2289.227254 2492.624862
72 3954.980929 1950.167652
73 1660.251055 84.980196
74 2073.066421 418.792376
75 292.603592 2949.703803
76 882.917789 444.295353
77 4740.304559 785.225923
78 5109.585496 1097.684775
79 3647.262990 497.104544

0 1164.030455 2879.137187
1 1994.989333 2627.974837
2 3129.504883 1381.350945
3 3922.084808 2935.275265
4 5214.932853 2005.528239
5 1644.416597 3786.679550
6 550.319619 1692.045419
7 635.088664 1738.497048
8 2035.240897 3326.882697
9 2842.975009 3489.923421
10 388.328577 510.776939
11 1490.025014 748.872055
12 238.502290 3169.491991
13 2784.620441 1837.080109
14 4472.444287 1110.954192
15 5138.181063 2990.085128
16 1893.295173 1267.222081
17 636.080814 3557.191131
18 3604.733704 2051.769658
19 3698.725246 438.943513
20 4312.884950 2466.281708
21 2997.708741 1240.681451
22 5280.988691 1584.622054
23 4668.917571 1215.681251
24 267.106265 1330.501651
25 2337.919619 1880.030682
26 4650.456965 2978.725149
27 1853.512956 1615.766633
28 4519.109925 557.156024
29 4089.021031 3667.434677
30 2138.596632 2898.465001
31 1642.555449 2828.673029
32 649.494247 1214.351521
33 5183.336807 958.611058
34 2114.453689 3823.245027
35 4951.147730 1067.968073
36 4239.761775 1859.855589
37 4871.812664 3344.114843
38 1746.858334 3289.011959
39 1116.437747 3577.593853
40 5076.011325 2656.227236
41 5018.929959 811.503893
42 4338.762477 2545.583327
43 3354.094957 208.274073
44 4129.152317 3326.280554
45 3200.701170 1992.189950
46 3835.961388 3085.946765
47 3539.146945 655.551746
48 859.609586 1920.461413
49 11.377152 3905.452531
50 1218.552538 51.180092
51 3202.063766 3163.471831
52 5173.338525 106.557575
53 4855.020447 10.426353
54 1934.135764 79.770451
55 2310.925225 1722.395410
56 4314.451843 12.644798
57 636.880279 897.416728
58 921.377198 1267.917917
59 3669.509728 1127.997474
60 3745.184219 560.671416
61 285.597259 3643.266176
62 878.668178 3219.893965
63 3384.028638 128.267069
64 2013.258373 3862.244730
65 1880.144789 3565.636447
66 2668.439524 1736.400339
67 3210.010016 84.081729
68 4209.315362 1183.721302
69 1172.321105 388.712403
70 3383.067614 2195.934191
71 2289.151370 2492.706599
72 3955.099042 1950.166928
73 1660.221915 84.917619
74 2073.014703 418.684579
75 292.533595 2949.739626
76 882.882652 444.160706
77 4740.473583 785.212720
78 5109.727812 1097.661566
79 3647.311828 497.032184

0 1163.998187 2879.146980
1 1994.985703 2627.965270
2 3129.499174 1381.337141
3 3922.071481 2935.283952
4 5214.939443 2005.541478
5 1644.394520 3786.698590
6 550.298987 1692.033853
7 635.053619 1738.511114
8 2035.247450 3326.896344
9 2842.969217 3489.935935
10 388.265208 510.768317
11 1490.032773 748.868423
12 238.491301 3169.529117
13 2784.602141 1837.064661
14 4472.449414 1110.937511
15 5138.203742 2990.125718
16 1893.275787 1267.202657
17 636.049525 3557.239852
18 3604.736141 2051.761613
19 3698.715949 438.919110
20 4312.921482 2466.285023
21 2997.728569 1240.668525
22 5281.008403 1584.609013
23 4668.973860 1215.658835
24 267.082158 1330.512338
25 2337.938054 1880.008663
26 4650.467356 2978.754500
27 1853.513481 1615.761634
28 4519.137238 557.131576
29 4089.032052 3667.452425
30 2138.564659 2898.476541
31 1642.571565 2828.672914
32 649.481612 1214.346262
33 5183.359672 958.595148
34 2114.440039 3823.251884
35 4951.213857 1067.951664
36 4239.751182 1859.868098
37 4871.840859 3344.125177
38 1746.844277 3289.038047
39 1116.421721 3577.635279
40 5076.048957 2656.216697
41 5018.997231 811.480124
42 4338.810707 2545.606917
43 3354.113457 208.257004
44 4129.144267 3326.310232
45 3200.720465 1992.177353
46 3835.965786 3085.952492
47 3539.184435 655.533727
48 859.558834 1920.468822
49 11.365520 3905.499810
50 1218.539924 51.152652
51 3202.046501 3163.480595
52 5173.388753 106.510503
53 4855.073443 10.412304
54 1934.141129 79.762081
55 2310.937172 1722.383919
56 4314.477185 12.606535
57 636.855646 897.400286
58 921.329564 1267.922480
59 3669.517311 1127.961260
60 3745.207486 560.638239
61 285.584723 3643.281952
62 878.656075 3219.908409
63 3384.040980 128.264415
64 2013.238778 3862.286861
65 1880.123151 3565.653887
66 2668.415852 1736.410861
67 3209.998016 84.032030
68 4209.305724 1183.730493
69 1172.289370 388.667255
70 3383.102358 2195.946307
71 2289.124622 2492.735411
72 3955.140675 1950.166673
73 1660.211643 84.895562
74 2072.996474 418.646582
75 292.508923 2949.752252
76 882.870266 444.113245
77 4740.533161 785.208066
78 5109.777977 1097.653385
79 3647.329042 497.006678

0 1163.990250 2879.149388
1 1994.984810 2627.962917
2 3129.497770 1381.333746
3 3922.068203 2935.286089
4 5214.941064 2005.544734
5 1644.389090 3786.703273
6 550.293912 1692.031008
7 635.044999 1738.514573
8 2035.249062 3326.899700
9 2842.967792 3489.939013
10 388.249621 510.766197
11 1490.034682 748.867530
12 238.488598 3169.538249
13 2784.597640 1837.060861
14 4472.450675 1110.933408
15 5138.209321 2990.135702
16 1893.271019 1267.197879
17 636.041829 3557.251836
18 3604.736741 2051.759634
19 3698.713662 438.913107
20 4312.930468 2466.285838
21 2997.733446 1240.665346
22 5281.013252 1584.605805
23 4668.987706 1215.653321
24 267.076229 1330.514967
25 2337.942588 1880.003247
26 4650.469912 2978.761720
27 1853.513610 1615.760405
28 4519.143956 557.125563
29 4089.034763 3667.456790
30 2138.556794 2898.479380
31 1642.575529 2828.672885
32 649.478504 1214.344968
33 5183.365296 958.591235
34 2114.436682 3823.253570
35 4951.230122 1067.947628
36 4239.748576 1859.871175
37 4871.847794 3344.127719
38 1746.840820 3289.044464
39 1116.417779 3577.645468
40 5076.058213 2656.214105
41 5019.013777 811.474277
42 4338.822569 2545.612719
43 3354.118008 208.252806
44 4129.142287 3326.317532
45 3200.725210 1992.174255
46 3835.966868 3085.953901
47 3539.193656 655.529296
48 859.546351 1920.470645
49 11.362658 3905.511439
50 1218.536821 51.145903
51 3202.042255 3163.482751
52 5173.401107 106.498925
53 4855.086478 10.408849
54 1934.142448 79.760022
55 2310.940111 1722.381093
56 4314.483418 12.597123
57 636.849587 897.396242
58 921.317848 1267.923602
59 3669.519176 1127.952353
60 3745.213209 560.630078
61 285.581640 3643.285832
62 878.653098 3219.911962
63 3384.044015 128.263763
64 2013.233959 3862.297224
65 1880.117829 3565.658177
66 2668.410030 1736.413450
67 3209.995064 84.019806
68 4209.303354 1183.732754
69 1172.281564 388.656150
70 3383.110904 2195.949287
71 2289.118043 2492.742497
72 3955.150915 1950.166610
73 1660.209117 84.890137
74 2072.991990 418.637235
75 292.502854 2949.755358
76 882.867220 444.101571
77 4740.547816 785.206921
78 5109.790316 1097.651373
79 3647.333277 497.000404

0 1163.987320 2879.150286
1 1994.984467 2627.962063
2 3129.497248 1381.332493
3 3922.067013 2935.286873
4 5214.941661 2005.545921
5 1644.387077 3786.705003
6 550.292042 1692.029956
7 635.041822 1738.515847
8 2035.249660 3326.900933
9 2842.967260 3489.940154
10 388.243888 510.765416
11 1490.035367 748.867191
12 238.487605 3169.541611
13 2784.595996 1837.059472
14 4472.451134 1110.931904
15 5138.211375 2990.139382
16 1893.269275 1267.196116
17 636.038999 3557.256249
18 3604.736954 2051.758903
19 3698.712826 438.910904
20 4312.933775 2466.286132
21 2997.735240 1240.664180
22 5281.015037 1584.604626
23 4668.992788 1215.651286
24 267.074036 1330.515930
25 2337.944248 1880.001258
26 4650.470857 2978.764368
27 1853.513647 1615.759960
28 4519.146429 557.123343
29 4089.035768 3667.458406
30 2138.553906 2898.480430
31 1642.576972 2828.672884
32 649.477349 1214.344497
33 5183.367370 958.589788
34 2114.435449 3823.254191
35 4951.236106 1067.946144
36 4239.747614 1859.872314
37 4871.850341 3344.128655
38 1746.839540 3289.046819
39 1116.416313 3577.649221
40 5076.061625 2656.213157
41 5019.019863 811.472134
42 4338.826921 2545.614862
43 3354.119670 208.251262
44 4129.141572 3326.320225
45 3200.726957 1992.173121
46 3835.967263 3085.954419
47 3539.197058 655.527666
48 859.541762 1920.471311
49 11.361592 3905.515720
50 1218.535665 51.143422
51 3202.040700 3163.483548
52 5173.405643 106.494673
53 4855.091278 10.407566
54 1934.142940 79.759263
55 2310.941194 1722.380057
56 4314.485715 12.593655
57 636.847345 897.394756
58 921.313528 1267.924020
59 3669.519879 1127.949074
60 3745.215311 560.627069
61 285.580491 3643.287270
62 878.651987 3219.913275
63 3384.045133 128.263516
64 2013.232177 3862.301036
65 1880.115871 3565.659755
66 2668.407892 1736.414390
67 3209.993987 84.015304
68 4209.302484 1183.733577
69 1172.278681 388.652058
70 3383.114056 2195.950373
71 2289.115632 2492.745099
72 3955.154684 1950.166594
73 1660.208183 84.888140
74 2072.990343 418.633792
75 292.500608 2949.756503
76 882.866082 444.097270
77 4740.553198 785.206504
78 5109.794848 1097.650637
79 3647.334836 496.998090

0 1163.987320 2879.150286
1 1994.984467 2627.962063
2 3129.497248 1381.332493
3 3922.067013 2935.286873
4 5214.941661 2005.545921
5 1644.387077 3786.705003
6 550.292042 1692.029956
7 635.041822 1738.515847
8 2035.249660 3326.900933
9 2842.967260 3489.940154
10 388.243888 510.765416
11 1490.035367 748.867191
12 238.487605 3169.541611
13 2784.595996 1837.059472
14 4472.451134 1110.931904
15 5138.211375 2990.139382
16 1893.269275 1267.196116
17 636.038999 3557.256249
18 3604.736954 2051.758903
19 3698.712826 438.910904
20 4312.933775 2466.286132
21 2997.735240 1240.664180
22 5281.015037 1584.604626
23 4668.992788 1215.651286
24 267.074036 1330.515930
25 2337.944248 1880.001258
26 4650.470857 2978.764368
27 1853.513647 1615.759960
28 4519.146429 557.123343
29 4089.035768 3667.458406
30 2138.553906 2898.480430
31 1642.576972 2828.672884
32 649.477349 1214.344497
33 5183.367370 958.589788
34 2114.435449 3823.254191
35 4951.236106 1067.946144
36 4239.747614 1859.872314
37 4871.850341 3344.128655
38 1746.839540 3289.046819
39 1116.416313 3577.649221
40 5076.061625 2656.213157
41 5019.019863 811.472134
42 4338.826921 2545.614862
43 3354.119670 208.251262
44 4129.141572 3326.320225
45 3200.726957 1992.173121
46 3835.967263 3085.954419
47 3539.197058 655.527666
48 859.541762 1920.471311
49 11.361592 3905.515720
50 1218.535665 51.143422
51 3202.040700 3163.483548
52 5173.405643 106.494673
53 4855.091278 10.407566
54 1934.142940 79.759263
55 2310.941194 1722.380057
56 4314.485715 12.593655
57 636.847345 897.394756
58 921.313528 1267.924020
59 3669.519879 1127.949074
60 3745.215311 560.627069
61 285.580491 3643.287270
62 878.651987 3219.913275
63 3384.045133 128.263516
64 2013.232177 3862.301036
65 1880.115871 3565.659755
66 2668.407892 1736.414390
67 3209.993987 84.015304
68 4209.302484 1183.733577
69 1172.278681 388.652058
70 3383.114056 2195.950373
71 2289.115632 2492.745099
72 3955.154684 1950.166594
73 1660.208183 84.888140
74 2072.990343 418.633792
75 292.500608 2949.756503
76 882.866082 444.097270
77 4740.553198 785.206504
78 5109.794848 1097.650637
79 3647.334836 496.998090

0 1163.987320 2879.150286
1 1994.984467 2627.962063
2 3129.497248 1381.332493
3 3922.067013 2935.286873
4 5214.941661 2005.545921
5 1644.387077 3786.705003
6 550.292042 1692.029956
7 635.041822 1738.515847
8 2035.249660 3326.900933
9 2842.967260 3489.940154
10 388.243888 510.765416
11 1490.035367 748.867191
12 238.487605 3169.541611
13 2784.595996 1837.059472
14 4472.451134 1110.931904
15 5138.211375 2990.139382
16 1893.269275 1267.196116
17 636.038999 3557.256249
18 3604.736954 2051.758903
19 3698.712826 438.910904
20 4312.933775 2466.286132
21 2997.735240 1240.664180
22 5281.015037 1584.604626
23 4668.992788 1215.651286
24 267.074036 1330.515930
25 2337.944248 1880.001258
26 4650.470857 2978.764368
27 1853.513647 1615.759960
28 4519.146429 557.123343
29 4089.035768 3667.458406
30 2138.553906 2898.480430
31 1642.576972 2828.672884
32 649.477349 1214.344497
33 5183.367370 958.589788
34 2114.435449 3823.254191
35 4951.236106 1067.946144
36 4239.747614 1859.872314
37 4871.850341 3344.128655
38 1746.839540 3289.046819
39 1116.416313 3577.649221
40 5076.061625 2656.213157
41 5019.019863 811.472134
42 4338.826921 2545.614862
43 3354.119670 208.251262
44 4129.141572 3326.320225
45 3200.726957 1992.173121
46 3835.967263 3085.954419
47 3539.197058 655.527666
48 859.541762 1920.471311
49 11.361592 3905.515720
50 1218.535665 51.143422
51 3202.040700 3163.483548
52 5173.405643 106.494673
53 4855.091278 10.407566
54 1934.142940 79.759263
55 2310.941194 1722.380057
56 4314.485715 12.593655
57 636.847345 897.394756
58 921.313528 1267.924020
59 3669.519879 1127.949074
60 3745.215311 560.627069
61 285.580491 3643.287270
62 878.651987 3219.913275
63 3384.045133 128.263516
64 2013.232177 3862.301036
65 1880.115871 3565.659755
66 2668.407892 1736.414390
67 3209.993987 84.015304
68 4209.302484 1183.733577
69 1172.278681 388.652058
70 3383.114056 2195.950373
71 2289.115632 2492.745099
72 3955.154684 1950.166594
73 1660.208183 84.888140
74 2072.990343 418.633792
75 292.500608 2949.756503
76 882.866082 444.097270
77 4740.553198 785.206504
78 5109.794848 1097.650637
79 3647.334836 496.998090

0 1163.987074 2879.150361
1 1994.984439 2627.961991
2 3129.497204 1381.332388
3 3922.066912 2935.286939
4 5214.941712 2005.546021
5 1644.386908 3786.705148
6 550.291884 1692.029868
7 635.041555 1738.515954
8 2035.249710 3326.901037
9 2842.967216 3489.940250
10 388.243406 510.765350
11 1490.035425 748.867163
12 238.487521 3169.541893
13 2784.595858 1837.059355
14 4472.451173 1110.931778
15 5138.211548 2990.139692
16 1893.269128 1267.195968
17 636.038761 3557.256620
18 3604.736973 2051.758842
19 3698.712756 438.910718
20 4312.934053 2466.286157
21 2997.735391 1240.664082
22 5281.015187 1584.604527
23 4668.993216 1215.651114
24 267.073852 1330.516012
25 2337.944388 1880.001091
26 4650.470936 2978.764591
27 1853.513650 1615.759923
28 4519.146637 557.123156
29 4089.035852 3667.458541
30 2138.553663 2898.480518
31 1642.577093 2828.672884
32 649.477252 1214.344458
33 5183.367544 958.589666
34 2114.435345 3823.254243
35 4951.236609 1067.946019
36 4239.747533 1859.872410
37 4871.850556 3344.128734
38 1746.839432 3289.047017
39 1116.416190 3577.649536
40 5076.061912 2656.213077
41 5019.020375 811.471953
42 4338.827287 2545.615043
43 3354.119811 208.251132
44 4129.141512 3326.320452
45 3200.727104 1992.173025
46 3835.967297 3085.954463
47 3539.197344 655.527529
48 859.541376 1920.471367
49 11.361503 3905.516080
50 1218.535567 51.143213
51 3202.040569 3163.483616
52 5173.406025 106.494315
53 4855.091681 10.407459
54 1934.142982 79.759199
55 2310.941285 1722.379969
56 4314.485909 12.593363
57 636.847157 897.394631
58 921.313165 1267.924055
59 3669.519938 1127.948799
60 3745.215488 560.626816
61 285.580395 3643.287391
62 878.651894 3219.913385
63 3384.045227 128.263496
64 2013.232027 3862.301357
65 1880.115706 3565.659888
66 2668.407712 1736.414469
67 3209.993896 84.014925
68 4209.302411 1183.733646
69 1172.278438 388.651714
70 3383.114321 2195.950465
71 2289.115429 2492.745318
72 3955.155001 1950.166592
73 1660.208105 84.887972
74 2072.990204 418.633502
75 292.500419 2949.756600
76 882.865987 444.096909
77 4740.553650 785.206469
78 5109.795229 1097.650575
79 3647.334967 496.997895

0 1163.986979 2879.150391
1 1994.984427 2627.961964
2 3129.497187 1381.332348
3 3922.066875 2935.286964
4 5214.941731 2005.546059
5 1644.386843 3786.705204
6 550.291824 1692.029834
7 635.041453 1738.515995
8 2035.249729 3326.901077
9 2842.967198 3489.940287
10 388.243222 510.765325
11 1490.035446 748.867151
12 238.487490 3169.542001
13 2784.595806 1837.059311
14 4472.451187 1110.931730
15 5138.211614 2990.139810
16 1893.269073 1267.195911
17 636.038670 3557.256762
18 3604.736979 2051.758818
19 3698.712730 438.910648
20 4312.934159 2466.286166
21 2997.735448 1240.664045
22 5281.015244 1584.604490
23 4668.993378 1215.651049
24 267.073781 1330.516042
25 2337.944441 1880.001027
26 4650.470967 2978.764675
27 1853.513651 1615.759909
28 4519.146717 557.123085
29 4089.035885 3667.458594
30 2138.553571 2898.480552
31 1642.577139 2828.672884
32 649.477215 1214.344443
33 5183.367611 958.589620
34 2114.435306 3823.254263
35 4951.236801 1067.945972
36 4239.747502 1859.872446
37 4871.850637 3344.128764
38 1746.839390 3289.047092
39 1116.416143 3577.649657
40 5076.062022 2656.213047
41 5019.020570 811.471885
42 4338.827426 2545.615112
43 3354.119863 208.251083
44 4129.141489 3326.320539
45 3200.727160 1992.172989
46 3835.967309 3085.954480
47 3539.197454 655.527477
48 859.541229 1920.471388
49 11.361468 3905.516217
50 1218.535530 51.143134
51 3202.040520 3163.483641
52 5173.406169 106.494179
53 4855.091835 10.407417
54 1934.142998 79.759175
55 2310.941320 1722.379936
56 4314.485982 12.593252
57 636.847084 897.394583
58 921.313026 1267.924069
59 3669.519961 1127.948693
60 3745.215555 560.626719
61 285.580357 3643.287437
62 878.651857 3219.913427
63 3384.045262 128.263488
64 2013.231969 3862.301479
65 1880.115644 3565.659938
66 2668.407644 1736.414499
67 3209.993862 84.014781
68 4209.302383 1183.733672
69 1172.278345 388.651583
70 3383.114423 2195.950499
71 2289.115352 2492.745401
72 3955.155122 1950.166592
73 1660.208075 84.887908
74 2072.990151 418.633391
75 292.500347 2949.756636
76 882.865950 444.096771
77 4740.553822 785.206456
78 5109.795374 1097.650552
79 3647.335017 496.997821

0 1163.986950 2879.150400
1 1994.984424 2627.961956
2 3129.497182 1381.332335
3 3922.066863 2935.286971
4 5214.941737 2005.546070
5 1644.386823 3786.705221
6 550.291806 1692.029824
7 635.041421 1738.516008
8 2035.249735 3326.901089
9 2842.967193 3489.940299
10 388.243165 510.765318
11 1490.035453 748.867148
12 238.487480 3169.542035
13 2784.595790 1837.059297
14 4472.451191 1110.931715
15 5138.211634 2990.139847
16 1893.269055 1267.195893
17 636.038642 3557.256806
18 3604.736981 2051.758811
19 3698.712721 438.910626
20 4312.934192 2466.286169
21 2997.735466 1240.664034
22 5281.015262 1584.604478
23 4668.993429 1215.651029
24 267.073759 1330.516052
25 2337.944457 1880.001007
26 4650.470976 2978.764701
27 1853.513651 1615.759904
28 4519.146741 557.123063
29 4089.035895 3667.458610
30 2138.553542 2898.480562
31 1642.577153 2828.672884
32 649.477203 1214.344438
33 5183.367632 958.589605
34 2114.435294 3823.254269
35 4951.236860 1067.945957
36 4239.747493 1859.872458
37 4871.850662 3344.128773
38 1746.839378 3289.047115
39 1116.416128 3577.649694
40 5076.062056 2656.213038
41 5019.020631 811.471864
42 4338.827469 2545.615133
43 3354.119880 208.251067
44 4129.141482 3326.320565
45 3200.727178 1992.172978
46 3835.967313 3085.954485
47 3539.197488 655.527461
48 859.541183 1920.471395
49 11.361457 3905.516260
50 1218.535518 51.143109
51 3202.040504 3163.483649
52 5173.406214 106.494137
53 4855.091883 10.407404
54 1934.143003 79.759168
55 2310.941331 1722.379926
56 4314.486005 12.593217
57 636.847062 897.394568
58 921.312983 1267.924073
59 3669.519968 1127.948661
60 3745.215576 560.626689
61 285.580345 3643.287452
62 878.651846 3219.913440
63 3384.045273 128.263485
64 2013.231951 3862.301517
65 1880.115624 3565.659954
66 2668.407623 1736.414508
67 3209.993851 84.014736
68 4209.302375 1183.733680
69 1172.278316 388.651542
70 3383.114454 2195.950510
71 2289.115329 2492.745426
72 3955.155159 1950.166592
73 1660.208065 84.887888
74 2072.990135 418.633357
75 292.500324 2949.756648
76 882.865938 444.096728
77 4740.553876 785.206452
78 5109.795419 1097.650544
79 3647.335032 496.997797

0 1163.986938 2879.150403
1 1994.984422 2627.961953
2 3129.497180 1381.332330
3 3922.066859 2935.286974
4 5214.941739 2005.546075
5 1644.386815 3786.705228
6 550.291798 1692.029819
7 635.041409 1738.516013
8 2035.249738 3326.901094
9 2842.967190 3489.940304
10 388.243142 510.765314
11 1490.035456 748.867146
12 238.487476 3169.542048
13 2784.595783 1837.059291
14 4472.451193 1110.931709
15 5138.211642 2990.139861
16 1893.269048 1267.195886
17 636.038631 3557.256824
18 3604.736982 2051.758808
19 3698.712718 438.910617
20 4312.934205 2466.286170
21 2997.735473 1240.664029
22 5281.015269 1584.604473
23 4668.993449 1215.651020
24 267.073751 1330.516056
25 2337.944464 1880.001000
26 4650.470980 2978.764712
27 1853.513651 1615.759903
28 4519.146751 557.123054
29 4089.035899 3667.458616
30 2138.553531 2898.480567
31 1642.577158 2828.672884
32 649.477198 1214.344436
33 5183.367640 958.589599
34 2114.435289 3823.254272
35 4951.236884 1067.945951
36 4239.747489 1859.872462
37 4871.850672 3344.128777
38 1746.839372 3289.047125
39 1116.416122 3577.649709
40 5076.062069 2656.213034
41 5019.020655 811.471856
42 4338.827486 2545.615142
43 3354.119886 208.251061
44 4129.141480 3326.320576
45 3200.727185 1992.172973
46 3835.967315 3085.954487
47 3539.197502 655.527455
48 859.541165 1920.471398
49 11.361453 3905.516277
50 1218.535513 51.143099
51 3202.040498 3163.483653
52 5173.406232 106.494120
53 4855.091902 10.407399
54 1934.143005 79.759165
55 2310.941335 1722.379922
56 4314.486014 12.593203
57 636.847053 897.394562
58 921.312966 1267.924075
59 3669.519971 1127.948648
60 3745.215584 560.626677
61 285.580341 3643.287457
62 878.651841 3219.913446
63 3384.045278 128.263484
64 2013.231944 3862.301532
65 1880.115616 3565.659960
66 2668.407614 1736.414512
67 3209.993847 84.014718
68 4209.302371 1183.733684
69 1172.278305 388.651526
70 3383.114467 2195.950514
71 2289.115319 2492.745437
72 3955.155174 1950.166592
73 1660.208062 84.887880
74 2072.990128 418.633343
75 292.500315 2949.756652
76 882.865933 444.096711
77 4740.553897 785.206450
78 5109.795437 1097.650541
79 3647.335039 496.997788

0 1163.986931 2879.150406
1 1994.984420 2627.961952
2 3129.497178 1381.332328
3 3922.066857 2935.286975
4 5214.941742 2005.546078
5 1644.386808 3786.705235
6 550.291790 1692.029816
7 635.041397 1738.516014
8 2035.249738 3326.901098
9 2842.967191 3489.940308
10 388.243124 510.765312
11 1490.035456 748.867146
12 238.487474 3169.542056
13 2784.595780 1837.059287
14 4472.451196 1110.931707
15 5138.211649 2990.139872
16 1893.269044 1267.195882
17 636.038622 3557.256834
18 3604.736984 2051.758806
19 3698.712715 438.910611
20 4312.934212 2466.286170
21 2997.735479 1240.664025
22 5281.015277 1584.604469
23 4668.993460 1215.651013
24 267.073746 1330.516057
25 2337.944469 1880.000995
26 4650.470983 2978.764717
27 1853.513648 1615.759901
28 4519.146757 557.123048
29 4089.035905 3667.458622
30 2138.553522 2898.480568
31 1642.577159 2828.672885
32 649.477193 1214.344435
33 5183.367648 958.589596
34 2114.435283 3823.254273
35 4951.236899 1067.945948
36 4239.747488 1859.872467
37 4871.850680 3344.128779
38 1746.839370 3289.047131
39 1116.416119 3577.649721
40 5076.062079 2656.213033
41 5019.020669 811.471850
42 4338.827495 2545.615149
43 3354.119891 208.251057
44 4129.141479 3326.320586
45 3200.727189 1992.172969
46 3835.967316 3085.954487
47 3539.197510 655.527450
48 859.541150 1920.471401
49 11.361446 3905.516289
50 1218.535507 51.143091
51 3202.040494 3163.483654
52 5173.406248 106.494109
53 4855.091916 10.407393
54 1934.143005 79.759160
55 2310.941335 1722.379920
56 4314.486023 12.593192
57 636.847048 897.394557
58 921.312955 1267.924074
59 3669.519971 1127.948641
60 3745.215590 560.626669
61 285.580337 3643.287464
62 878.651839 3219.913451
63 3384.045279 128.263483
64 2013.231939 3862.301541
65 1880.115613 3565.659964
66 2668.407610 1736.414513
67 3209.993843 84.014706
68 4209.302372 1183.733686
69 1172.278297 388.651513
70 3383.114473 2195.950515
71 2289.115314 2492.745444
72 3955.155184 1950.166592
73 1660.208058 84.887874
74 2072.990123 418.633332
75 292.500305 2949.756656
76 882.865929 444.096697
77 4740.553910 785.206450
78 5109.795450 1097.650540
79 3647.335042 496.997779

0 1163.986931 2879.150406
1 1994.984420 2627.961952
2 3129.497178 1381.332328
3 3922.066857 2935.286975
4 5214.941742 2005.546078
5 1644.386808 3786.705235
6 550.291790 1692.029816
7 635.041397 1738.516014
8 2035.249738 3326.901098
9 2842.967191 3489.940308
10 388.243124 510.765312
11 1490.035456 748.867146
12 238.487474 3169.542056
13 2784.595780 1837.059287
14 4472.451196 1110.931707
15 5138.211649 2990.139872
16 1893.269044 1267.195882
17 636.038622 3557.256834
18 3604.736984 2051.758806
19 3698.712715 438.910611
20 4312.934212 2466.286170
21 2997.735479 1240.664025
22 5281.015277 1584.604469
23 4668.993460 1215.651013
24 267.073746 1330.516057
25 2337.944469 1880.000995
26 4650.470983 2978.764717
27 1853.513648 1615.759901
28 4519.146757 557.123048
29 4089.035905 3667.458622
30 2138.553522 2898.480568
31 1642.577159 2828.672885
32 649.477193 1214.344435
33 5183.367648 958.589596
34 2114.435283 3823.254273
35 4951.236899 1067.945948
36 4239.747488 1859.872467
37 4871.850680 3344.128779
38 1746.839370 3289.047131
39 1116.416119 3577.649721
40 5076.062079 2656.213033
41 5019.020669 811.471850
42 4338.827495 2545.615149
43 3354.119891 208.251057
44 4129.141479 3326.320586
45 3200.727189 1992.172969
46 3835.967316 3085.954487
47 3539.197510 655.527450
48 859.541150 1920.471401
49 11.361446 3905.516289
50 1218.535507 51.143091
51 3202.040494 3163.483654
52 5173.406248 106.494109
53 4855.091916 10.407393
54 1934.143005 79.759160
55 2310.941335 1722.379920
56 4314.486023 12.593192
57 636.847048 897.394557
58 921.312955 1267.924074
59 3669.519971 1127.948641
60 3745.215590 560.626669
61 285.580337 3643.287464
62 878.651839 3219.913451
63 3384.045279 128.263483
64 2013.231939 3862.301541
65 1880.115613 3565.659964
66 2668.407610 1736.414513
67 3209.993843 84.014706
68 4209.302372 1183.733686
69 1172.278297 388.651513
70 3383.114473 2195.950515
71 2289.115314 2492.745444
72 3955.155184 1950.166592
73 1660.208058 84.887874
74 2072.990123 418.633332
75 292.500305 2949.756656
76 882.865929 444.096697
77 4740.553910 785.206450
78 5109.795450 1097.650540
79 3647.335042 496.997779

0 1163.990792 2879.148574
1 1994.990929 2627.958004
2 3129.501568 1381.336865
3 3922.070587 2935.282962
4 5214.934095 2005.544954
5 1644.382583 3786.704236
6 550.290614 1692.034088
7 635.053599 1738.516125
8 2035.253614 3326.898438
9 2842.972264 3489.939779
10 388.242566 510.769742
11 1490.044608 748.868717
12 238.500435 3169.534623
13 2784.600730 1837.057170
14 4472.449988 1110.934291
15 5138.197592 2990.140845
16 1893.265852 1267.194218
17 636.040984 3557.253201
18 3604.726762 2051.763912
19 3698.717610 438.910922
20 4312.933394 2466.285347
21 2997.728625 1240.667681
22 5281.006697 1584.609261
23 4668.983874 1215.654578
24 267.079552 1330.513965
25 2337.938043 1880.003818
26 4650.466672 2978.758916
27 1853.520956 1615.760070
28 4519.147611 557.132597
29 4089.034184 3667.457236
30 2138.561237 2898.477487
31 1642.582783 2828.666774
32 649.487518 1214.341200
33 5183.361457 958.595758
34 2114.444509 3823.243556
35 4951.232917 1067.950119
36 4239.750893 1859.867232
37 4871.852368 3344.119403
38 1746.841860 3289.043523
39 1116.427028 3577.647793
40 5076.062659 2656.206871
41 5019.007348 811.480552
42 4338.816842 2545.608972
43 3354.122645 208.259989
44 4129.131417 3326.319206
45 3200.717964 1992.177695
46 3835.970735 3085.947322
47 3539.193371 655.528066
48 859.550171 1920.470465
49 11.368898 3905.510956
50 1218.542328 51.143142
51 3202.039992 3163.484228
52 5173.405006 106.503637
53 4855.084557 10.413189
54 1934.139983 79.769278
55 2310.940495 1722.381593
56 4314.476658 12.604310
57 636.857514 897.401686
58 921.312418 1267.922966
59 3669.513859 1127.946729
60 3745.214274 560.630101
61 285.589829 3643.281609
62 878.660830 3219.909713
63 3384.045071 128.269263
64 2013.231151 3862.299656
65 1880.123021 3565.655236
66 2668.409786 1736.411885
67 3209.988852 84.025371
68 4209.305368 1183.733259
69 1172.289725 388.651297
70 3383.111180 2195.945219
71 2289.114743 2492.745310
72 3955.149689 1950.168895
73 1660.208134 84.888413
74 2072.985986 418.639639
75 292.500336 2949.758337
76 882.869221 444.099140
77 4740.540221 785.214536
78 5109.790993 1097.656838
79 3647.336360 497.004789

0 1163.990406 2879.148757
1 1994.990279 2627.958399
2 3129.501129 1381.336411
3 3922.070214 2935.283363
4 5214.934859 2005.545067
5 1644.383005 3786.704335
6 550.290732 1692.033661
7 635.052379 1738.516114
8 2035.253227 3326.898704
9 2842.971757 3489.939832
10 388.242622 510.769299
11 1490.043694 748.868560
12 238.499140 3169.535365
13 2784.600235 1837.057381
14 4472.450108 1110.934032
15 5138.198997 2990.140747
16 1893.266171 1267.194384
17 636.040748 3557.253564
18 3604.727784 2051.763402
19 3698.717121 438.910891
20 4312.933475 2466.285429
21 2997.729310 1240.667316
22 5281.007555 1584.608782
23 4668.984832 1215.654221
24 267.078972 1330.514174
25 2337.938685 1880.003536
26 4650.467103 2978.759496
27 1853.520226 1615.760053
28 4519.147526 557.131643
29 4089.034356 3667.457374
30 2138.560466 2898.477794
31 1642.582221 2828.667384
32 649.486486 1214.341524
33 5183.362076 958.595142
34 2114.443587 3823.244627
35 4951.233315 1067.949702
36 4239.750552 1859.867755
37 4871.852199 3344.120340
38 1746.841611 3289.043884
39 1116.425937 3577.647985
40 5076.062601 2656.207486
41 5019.008679 811.479683
42 4338.817907 2545.609589
43 3354.122370 208.259096
44 4129.132423 3326.319344
45 3200.718886 1992.177223
46 3835.970394 3085.948038
47 3539.193785 655.528004
48 859.549270 1920.470559
49 11.368154 3905.511488
50 1218.541646 51.143137
51 3202.040042 3163.484171
52 5173.405130 106.502685
53 4855.085292 10.412610
54 1934.140285 79.768267
55 2310.940579 1722.381426
56 4314.477594 12.603199
57 636.856468 897.400973
58 921.312471 1267.923077
59 3669.514470 1127.946920
60 3745.214406 560.629758
61 285.588880 3643.282194
62 878.659932 3219.910087
63 3384.045092 128.268685
64 2013.231230 3862.299844
65 1880.122280 3565.655709
66 2668.409569 1736.412147
67 3209.989351 84.024305
68 4209.305068 1183.733301
69 1172.288583 388.651319
70 3383.111509 2195.945748
71 2289.114800 2492.745323
72 3955.150238 1950.168665
73 1660.208126 84.888359
74 2072.986399 418.639008
75 292.500333 2949.758169
76 882.868892 444.098896
77 4740.541589 785.213728
78 5109.791439 1097.656209
79 3647.336229 497.004088

0 1163.676328 2879.245093
1 1994.427938 2627.828940
2 3129.206941 1381.500668
3 3922.437341 2935.733722
4 5216.258502 2005.265638
5 1643.421156 3787.530344
6 549.246492 1691.628533
7 633.728038 1738.344697
8 2035.362277 3326.781451
9 2842.372195 3490.259075
10 387.021299 510.487877
11 1489.455791 748.723002
12 237.996274 3170.290253
13 2785.062024 1837.083590
14 4473.725914 1110.493863
15 5139.598900 2990.574695
16 1892.406121 1267.225957
17 635.884572 3558.152602
18 3604.714540 2052.094058
19 3698.513172 438.882487
20 4313.356999 2466.121394
21 2997.917602 1240.699271
22 5281.274828 1584.271506
23 4670.163197 1215.796328
24 265.754247 1329.910121
25 2338.318093 1880.563923
26 4651.431643 2978.991874
27 1854.011109 1615.309625
28 4519.502149 556.777100
29 4088.998661 3667.662005
30 2138.489154 2898.714223
31 1641.727778 2828.488234
32 649.510907 1214.469053
33 5184.912309 957.991830
34 2113.784437 3823.949659
35 4952.602815 1067.351462
36 4240.073501 1859.933373
37 4872.134135 3344.477468
38 1746.976877 3289.648973
39 1116.127677 3578.280769
40 5076.966226 2656.907653
41 5020.112020 811.141012
42 4339.707781 2545.763448
43 3354.616639 208.061985
44 4128.747043 3327.197530
45 3200.765388 1991.767546
46 3836.654483 3086.493016
47 3539.759236 655.515938
48 858.431463 1920.216089
49 11.006924 3905.542867
50 1218.884070 50.096226
51 3202.968616 3163.729595
52 5173.720581 106.443284
53 4855.002940 10.222726
54 1934.721138 78.770961
55 2310.736928 1722.522339
56 4314.617797 11.753309
57 636.798207 897.254403
58 920.340260 1268.203379
59 3669.971168 1127.852469
60 3745.508501 560.735836
61 284.173005 3643.697863
62 877.403732 3220.367515
63 3384.929745 127.930832
64 2012.381738 3862.996682
65 1879.341650 3565.783641
66 2667.769795 1735.928392
67 3210.443017 83.842197
68 4209.239594 1183.511637
69 1171.823424 388.309474
70 3383.360028 2195.740106
71 2289.040560 2493.003594
72 3955.679604 1950.550573
73 1659.196385 83.948119
74 2072.236595 417.814247
75 291.597343 2949.728286
76 882.147112 443.956527
77 4741.236531 784.701529
78 5109.803003 1097.033732
79 3647.493492 496.641713

0 1163.599098 2879.268778
1 1994.289660 2627.797074
2 3129.134607 1381.541097
3 3922.527664 2935.844471
4 5216.584028 2005.196901
5 1643.184548 3787.733508
6 548.989637 1691.528911
7 633.402368 1738.302535
8 2035.389123 3326.752594
9 2842.224753 3490.337595
10 386.720891 510.418683
11 1489.311241 748.687209
12 237.872665 3170.475885
13 2785.175638 1837.090023
14 4474.039712 1110.385612
15 5139.943144 2990.681437
16 1892.194559 1267.233713
17 635.846172 3558.373713
18 3604.711221 2052.175419
19 3698.463037 438.875503
20 4313.461167 2466.081041
21 2997.963874 1240.707153
22 5281.340516 1584.188576
23 4670.452978 1215.831303
24 265.428444 1329.761532
25 2338.411375 1880.701777
26 4651.668861 2979.048996
27 1854.131894 1615.198836
28 4519.589379 556.689953
29 4088.989870 3667.712329
30 2138.471660 2898.772357
31 1641.517648 2828.444132
32 649.516977 1214.500402
33 5185.293577 957.843472
34 2113.622363 3824.123009
35 4952.939642 1067.204340
36 4240.152957 1859.949481
37 4872.203492 3344.565252
38 1747.010163 3289.797783
39 1116.054381 3578.436401
40 5077.188491 2657.079834
41 5020.383324 811.057763
42 4339.926595 2545.801255
43 3354.738229 208.013556
44 4128.652191 3327.413527
45 3200.776770 1991.666807
46 3836.822767 3086.627019
47 3539.898293 655.512974
48 858.156574 1920.153492
49 10.918119 3905.550553
50 1218.968336 49.838721
51 3203.197012 3163.789965
52 5173.798164 106.428731
53 4854.982639 10.176056
54 1934.863990 78.525718
55 2310.686832 1722.557009
56 4314.652226 11.544332
57 636.783940 897.218395
58 920.101125 1268.272318
59 3670.083463 1127.829226
60 3745.580831 560.761948
61 283.824804 3643.800069
62 877.094803 3220.480005
63 3385.147338 127.847767
64 2012.172787 3863.168070
65 1879.149686 3565.815080
66 2667.612445 1735.809389
67 3210.554574 83.797469
68 4209.223507 1183.457112
69 1171.709080 388.225390
70 3383.421136 2195.689493
71 2289.022296 2493.067119
72 3955.809777 1950.644524
73 1658.947531 83.716855
74 2072.052144 417.611421
75 291.375238 2949.720945
76 881.969598 443.921524
77 4741.407381 784.575594
78 5109.805821 1096.880661
79 3647.532182 496.552623

0 1163.558853 2879.281120
1 1994.217602 2627.780467
2 3129.096913 1381.562166
3 3922.574734 2935.902184
4 5216.753665 2005.161081
5 1643.061246 3787.839381
6 548.855785 1691.476997
7 633.232657 1738.280563
8 2035.403113 3326.737556
9 2842.147919 3490.378513
10 386.564343 510.382625
11 1489.235915 748.668557
12 237.808251 3170.572620
13 2785.234846 1837.093375
14 4474.203238 1110.329201
15 5140.122534 2990.737063
16 1892.084309 1267.237755
17 635.826161 3558.488938
18 3604.709490 2052.217819
19 3698.436911 438.871863
20 4313.515451 2466.060013
21 2997.987986 1240.711261
22 5281.374747 1584.145361
23 4670.603987 1215.849529
24 265.258663 1329.684099
25 2338.459986 1880.773616
26 4651.792480 2979.078763
27 1854.194839 1615.141101
28 4519.634837 556.644539
29 4088.985289 3667.738553
30 2138.462545 2898.802652
31 1641.408145 2828.421148
32 649.520141 1214.516738
33 5185.492262 957.766161
34 2113.537905 3824.213343
35 4953.115168 1067.127673
36 4240.194363 1859.957875
37 4872.239636 3344.610997
38 1747.027509 3289.875330
39 1116.016187 3578.517504
40 5077.304318 2657.169560
41 5020.524704 811.014381
42 4340.040623 2545.820956
43 3354.801593 207.988320
44 4128.602761 3327.526086
45 3200.782701 1991.614311
46 3836.910463 3086.696850
47 3539.970758 655.511429
48 858.013325 1920.120871
49 10.871842 3905.554558
50 1219.012250 49.704530
51 3203.316033 3163.821425
52 5173.838594 106.421148
53 4854.972059 10.151736
54 1934.938433 78.397919
55 2310.660725 1722.575076
56 4314.670167 11.435431
57 636.776506 897.199631
58 919.976507 1268.308243
59 3670.141982 1127.817113
60 3745.618523 560.775557
61 283.643351 3643.853329
62 876.933816 3220.538625
63 3385.260731 127.804481
64 2012.063898 3863.257383
65 1879.049651 3565.831462
66 2667.530448 1735.747373
67 3210.612707 83.774161
68 4209.215125 1183.428699
69 1171.649494 388.181572
70 3383.452980 2195.663116
71 2289.012778 2493.100223
72 3955.877612 1950.693484
73 1658.817849 83.596338
74 2071.956022 417.505726
75 291.259495 2949.717121
76 881.877093 443.903283
77 4741.496412 784.509968
78 5109.807289 1096.800894
79 3647.552344 496.506197

0 1163.462228 2879.310756
1 1994.044599 2627.740628
2 3129.006408 1381.612713
3 3922.687697 2936.040739
4 5217.160897 2005.075106
5 1642.765303 3788.093519
6 548.534499 1691.352359
7 632.825219 1738.227823
8 2035.436673 3326.701475
9 2841.963462 3490.476734
10 386.188574 510.296049
11 1489.055053 748.623776
12 237.653561 3170.804862
13 2785.376936 1837.101434
14 4474.595766 1110.193778
15 5140.553216 2990.870579
16 1891.819689 1267.247465
17 635.778115 3558.765539
18 3604.705394 2052.319563
19 3698.374172 438.863125
20 4313.645755 2466.009542
21 2998.045904 1240.721101
22 5281.456961 1584.041600
23 4670.966517 1215.893259
24 264.851094 1329.498244
25 2338.576706 1880.946037
26 4652.089233 2979.150247
27 1854.345886 1615.002517
28 4519.743946 556.535477
29 4088.974303 3667.801510
30 2138.440621 2898.875388
31 1641.145269 2828.366016
32 649.527676 1214.555968
33 5185.969213 957.580552
34 2113.335122 3824.430239
35 4953.536517 1066.943620
36 4240.293733 1859.978052
37 4872.326383 3344.720856
38 1747.069132 3290.061492
39 1115.924443 3578.712190
40 5077.582340 2657.384969
41 5020.864144 810.910200
42 4340.314390 2545.868281
43 3354.953672 207.927693
44 4128.484169 3327.796277
45 3200.796989 1991.488275
46 3837.120946 3086.864509
47 3540.144723 655.507718
48 857.669426 1920.042576
49 10.760717 3905.564201
50 1219.117619 49.382425
51 3203.601728 3163.896936
52 5173.935647 106.402892
53 4854.946706 10.093326
54 1935.117139 78.091097
55 2310.598066 1722.618435
56 4314.713284 11.173967
57 636.758603 897.154550
58 919.677383 1268.394482
59 3670.282482 1127.788049
60 3745.709006 560.808201
61 283.207745 3643.981206
62 876.547337 3220.679355
63 3385.532913 127.700545
64 2011.802531 3863.471777
65 1878.809488 3565.870814
66 2667.333611 1735.598530
67 3210.752277 83.718154
68 4209.194986 1183.360498
69 1171.506402 388.076395
70 3383.529435 2195.599835
71 2288.989935 2493.179685
72 3956.040472 1950.810991
73 1658.506564 83.307054
74 2071.725319 417.251983
75 290.981670 2949.707930
76 881.655028 443.859485
77 4741.710198 784.352396
78 5109.810837 1096.609388
79 3647.600732 496.394719

0 1163.391616 2879.332374
1 1993.918146 2627.711172
2 3128.940317 1381.650057
3 3922.770758 2936.142086
4 5217.459030 2005.011995
5 1642.548040 3788.279805
6 548.298841 1691.261232
7 632.527217 1738.189158
8 2035.461521 3326.674854
9 2841.828520 3490.548723
10 385.913006 510.232840
11 1488.923001 748.591037
12 237.540934 3170.974696
13 2785.481430 1837.107213
14 4474.883515 1110.094639
15 5140.868147 2990.968540
16 1891.625457 1267.254483
17 635.743031 3558.968134
18 3604.701758 2052.394484
19 3698.328470 438.856736
20 4313.741251 2465.972483
21 2998.087949 1240.728542
22 5281.516715 1583.965814
23 4671.231752 1215.925544
24 264.552600 1329.361835
25 2338.661894 1881.072641
26 4652.306563 2979.202304
27 1854.457093 1614.900910
28 4519.824004 556.456096
29 4088.966141 3667.847587
30 2138.425022 2898.928531
31 1640.952861 2828.325212
32 649.533840 1214.584534
33 5186.318557 957.444833
34 2113.187001 3824.588617
35 4953.845227 1066.808920
36 4240.366807 1859.992524
37 4872.390096 3344.800831
38 1747.099806 3290.197773
39 1115.857847 3578.854825
40 5077.786237 2657.542538
41 5021.112216 810.834346
42 4340.514472 2545.902601
43 3355.065355 207.883790
44 4128.396589 3327.994311
45 3200.806895 1991.396150
46 3837.275495 3086.987004
47 3540.272028 655.505035
48 857.417818 1919.985107
49 10.679696 3905.570942
50 1219.195303 49.146242
51 3203.811186 3163.952341
52 5174.006735 106.390096
53 4854.927660 10.050855
54 1935.247989 77.866743
55 2310.552068 1722.650331
56 4314.744320 10.982934
57 636.746122 897.121936
58 919.458016 1268.457649
59 3670.385127 1127.766620
60 3745.775271 560.832350
61 282.888921 3644.074611
62 876.264504 3220.782316
63 3385.732480 127.624691
64 2011.610834 3863.628866
65 1878.633845 3565.899376
66 2667.189415 1735.489227
67 3210.854309 83.677746
68 4209.180405 1183.310462
69 1171.402185 387.999261
70 3383.585293 2195.553106
71 2288.973150 2493.237943
72 3956.159550 1950.897297
73 1658.278318 83.094967
74 2071.555899 417.066314
75 290.777955 2949.701294
76 881.492401 443.827522
77 4741.866111 784.237355
78 5109.813164 1096.469355
79 3647.636295 496.313411

