0 1433.849101 1196.002907
1 1247.170595 1265.941435
2 2085.320570 1191.825585
3 3593.880236 534.226035
4 3941.740387 3792.802268
5 3333.725817 3835.271200
6 4637.451806 3366.029057
7 1476.397269 3228.582897
8 2440.380072 3681.154098
9 152.484787 2465.606417
10 55.695463 3663.155257
11 1799.726145 1342.955069
12 5149.629872 228.820114
13 3599.186116 477.062152
14 2105.854579 1944.428028
15 2703.078070 266.906828
16 1659.371691 5.570568
17 4717.671998 1059.945336
18 2002.298015 2574.069541
19 2652.903730 3210.346751
20 2582.073611 2096.584269
21 690.309790 2423.428379
22 4738.436067 1388.624469
23 5372.738105 483.881504
24 2272.090991 2532.341325
25 33.581804 3801.098377
26 2436.250782 3631.737170
27 5016.108971 2023.611953
28 5275.323787 798.858477
29 2326.226596 1761.726130
30 1454.398618 3701.669349
31 580.450547 1206.673930
32 2185.273187 1908.662537
33 2610.531899 1564.021527
34 222.227965 1964.197241
35 1114.570949 3809.599399
36 2775.469811 3377.529175
37 5307.814569 606.085996
38 5291.263114 994.614303
39 4230.067634 2627.815325
40 370.555559 380.179168
41 3075.265941 1598.988937
42 2654.197019 2830.999145
43 1489.396315 914.068724
44 3792.899137 1855.346200
45 4577.763593 2729.938909
46 2384.654516 2014.962171
47 3911.862476 2632.193179
48 550.524582 132.556655
49 4119.635982 1569.608419
50 48.542402 3812.243909
51 3624.696834 1070.509051
52 4729.738860 556.060696
53 1580.048039 2869.948772
54 3278.154845 1039.009577
55 3982.404193 1710.219595
56 2420.899415 3216.753241
57 2465.642842 3801.102383
58 3742.615809 3408.682463
59 4970.321557 2341.445284
60 4407.727747 3729.457525
61 4212.544940 3206.419921
62 940.304268 2509.375638
63 4414.111403 903.284987
64 3300.638867 3260.637378
65 4610.390053 348.292670
66 2525.371976 438.349317
67 3890.998728 1374.725090
68 4222.214393 2525.197040
69 5217.019053 1153.638787
70 1547.943820 722.392474
71 5037.865325 2166.693167
72 5018.618696 1283.148187
73 3310.239372 2861.701012
74 5177.359087 1582.522154
75 508.962386 3518.318160
76 1265.852667 2673.691929
77 4908.492400 2869.598640
78 4733.088802 2570.839383
79 2555.851842 2487.013655

0 1281.785441 2165.704557
1 1681.061866 2052.088998
2 2689.862022 1302.609274
3 3782.000037 1920.917528
4 4675.868317 2760.853735
5 2361.610700 3804.357154
6 2278.496874 2400.535502
7 994.346481 2366.600388
8 2205.298225 3475.500902
9 1708.136811 3055.189599
10 252.607077 1842.841578
11 1622.491468 1001.396455
12 2421.129872 1924.572423
13 3128.244140 1263.082800
14 3472.881176 1463.698834
15 4107.462694 1836.229144
16 1795.125642 736.764797
17 2361.931968 2498.386584
18 2928.612429 2273.170909
19 3257.019926 1611.063320
20 3579.016498 2310.640793
21 2021.639399 1740.745705
22 5049.667457 1502.617133
23 4963.314110 909.307310
24 1117.091365 1838.080825
25 1364.409749 2692.385619
26 3714.146518 3253.002253
27 3190.460561 1787.442180
28 4836.128519 661.965172
29 3342.743187 2859.872937
30 1851.644956 3236.108749
31 1195.086036 2142.378784
32 1300.457201 1507.329916
33 4094.119550 1216.364233
34 1316.197449 3037.526646
35 3326.001099 2227.254545
36 3622.687816 2499.031198
37 5053.817135 2186.983611
38 3245.860901 2318.707666
39 2434.484159 3172.447727
40 3084.533236 1695.098990
41 4193.345088 1144.913987
42 3625.120039 2663.211757
43 2566.571764 507.525187
44 3985.697207 2701.795444
45 3780.518490 2304.075555
46 3223.071163 2633.206500
47 3692.474377 1491.453549
48 732.423795 1165.324050
49 1749.265288 2914.484063
50 727.336204 1858.743909
51 3380.878300 2278.267353
52 4983.387446 299.170190
53 3467.072429 1220.636989
54 2500.435402 485.769394
55 3015.611089 1717.712602
56 3512.388851 1369.423715
57 1413.266855 2124.927558
58 2117.542856 2170.965084
59 4216.096012 1643.270417
60 4023.820422 1902.255062
61 1946.904951 3456.102189
62 907.507521 2917.761497
63 3818.057982 456.559665
64 2559.815181 3604.955617
65 3034.733189 2205.504991
66 2609.189789 1189.022918
67 3497.307809 633.738498
68 4214.640560 1750.763845
69 2884.242942 716.317436
70 2604.349595 1574.054845
71 3450.859587 2353.579045
72 4400.978800 1667.529327
73 2358.720419 1259.863833
74 3384.875586 914.249363
75 387.573707 3188.309400
76 1047.752430 1390.082154
77 4808.110920 1665.217012
78 4947.786851 1720.157291
79 3184.835010 1340.099399

0 1283.893170 2152.263685
1 1675.047772 2041.192339
2 2681.482575 1301.073720
3 3779.392540 1901.696830
4 4665.692693 2775.157401
5 2375.085024 3804.785649
6 2311.193952 2413.918046
7 1001.028106 2378.548183
8 2208.556655 3478.351427
9 1686.574179 3047.017486
10 249.877719 1868.072641
11 1624.948089 1006.130742
12 2351.426921 1901.067885
13 3134.771788 1252.187900
14 3453.933050 1470.362141
15 4087.996755 1814.477031
16 1793.243979 726.629837
17 2394.584485 2478.448591
18 2915.772940 2277.341614
19 3248.646373 1633.230719
20 3565.198040 2307.673792
21 2003.186062 1750.208255
22 5045.353531 1501.037100
23 4968.989067 903.410554
24 1133.100621 1847.703853
25 1345.963366 2707.753300
26 3696.433819 3258.251834
27 3215.765567 1790.715689
28 4842.216131 663.862627
29 3328.653422 2844.651709
30 1846.138792 3242.561807
31 1186.566677 2129.409136
32 1312.721486 1512.892720
33 4073.555791 1221.183052
34 1301.034122 3022.649408
35 3295.348837 2249.187161
36 3610.944670 2511.207911
37 5057.337751 2165.071055
38 3274.211878 2300.354631
39 2459.372440 3164.898669
40 3046.915247 1676.873107
41 4177.847580 1151.207843
42 3611.662238 2665.537430
43 2551.641216 513.160219
44 3983.024865 2690.062954
45 3791.568971 2309.978375
46 3211.450011 2624.637119
47 3695.515278 1507.265150
48 729.902521 1151.009035
49 1782.120598 2895.842968
50 717.927557 1668.373398
51 3384.257828 2261.526818
52 4979.871666 302.730906
53 3440.916700 1243.497822
54 2511.215241 493.437763
55 3029.011646 1717.608743
56 3497.259899 1395.029240
57 1427.853662 2148.160736
58 2140.067719 2188.120877
59 4226.550205 1652.947702
60 4029.141697 1927.581609
61 1978.308607 3452.641385
62 907.962111 2912.100929
63 3826.319779 462.751650
64 2570.083614 3600.183079
65 3056.573104 2179.762483
66 2608.028004 1178.617957
67 3502.764693 644.009189
68 4214.745539 1761.498133
69 2916.577160 722.379074
70 2589.706932 1562.250096
71 3472.856807 2350.988651
72 4409.539803 1662.201485
73 2371.909264 1282.066629
74 3409.720899 923.512180
75 389.256255 3192.883596
76 1050.775481 1407.874054
77 4809.502291 1681.910744
78 4944.810957 1731.948453
79 3176.116780 1355.996585

0 1283.863955 2152.449987
1 1675.131132 2041.343376
2 2681.598721 1301.095004
3 3779.428682 1901.963245
4 4665.833736 2774.959140
5 2374.898259 3804.779710
6 2310.740744 2413.732553
7 1000.935493 2378.382576
8 2208.511491 3478.311916
9 1686.873055 3047.130758
10 249.915550 1867.722917
11 1624.914038 1006.065121
12 2352.393061 1901.393678
13 3134.681309 1252.338912
14 3454.195687 1470.269782
15 4088.266569 1814.778534
16 1793.270061 726.770316
17 2394.131894 2478.724948
18 2915.950906 2277.283805
19 3248.762437 1632.923460
20 3565.389576 2307.714917
21 2003.441841 1750.077096
22 5045.413326 1501.059000
23 4968.910407 903.492288
24 1132.878720 1847.570470
25 1346.219048 2707.540291
26 3696.679332 3258.179071
27 3215.414819 1790.670316
28 4842.131752 663.836326
29 3328.848718 2844.862688
30 1846.215112 3242.472362
31 1186.684762 2129.588906
32 1312.551493 1512.815615
33 4073.840822 1221.116259
34 1301.244298 3022.855619
35 3295.773703 2248.883157
36 3611.107440 2511.039132
37 5057.288952 2165.374781
38 3273.818910 2300.609019
39 2459.027468 3165.003305
40 3047.436664 1677.125733
41 4178.062389 1151.120605
42 3611.848774 2665.505194
43 2551.848166 513.082112
44 3983.061906 2690.225576
45 3791.415802 2309.896557
46 3211.611090 2624.755898
47 3695.473129 1507.045988
48 729.937468 1151.207453
49 1781.665196 2896.101349
50 718.057968 1671.012092
51 3384.210985 2261.758856
52 4979.920397 302.681552
53 3441.279241 1243.180952
54 2511.065823 493.331473
55 3028.825903 1717.610183
56 3497.469599 1394.674326
57 1427.651477 2147.838705
58 2139.755506 2187.883084
59 4226.405301 1652.813566
60 4029.067940 1927.230562
61 1977.873326 3452.689355
62 907.955810 2912.179389
63 3826.205263 462.665824
64 2569.941285 3600.249231
65 3056.270385 2180.119295
66 2608.044107 1178.762179
67 3502.689056 643.866828
68 4214.744084 1761.349347
69 2916.128981 722.295055
70 2589.909892 1562.413719
71 3472.551907 2351.024556
72 4409.421140 1662.275333
73 2371.726455 1281.758879
74 3409.376522 923.383789
75 389.232934 3192.820194
76 1050.733579 1407.627443
77 4809.483005 1681.679355
78 4944.852205 1731.785017
79 3176.237622 1355.776237

0 1283.864360 2152.447405
1 1675.129976 2041.341282
2 2681.597111 1301.094709
3 3779.428181 1901.959552
4 4665.831781 2774.961888
5 2374.900848 3804.779792
6 2310.747026 2413.735124
7 1000.936777 2378.384872
8 2208.512117 3478.312464
9 1686.868913 3047.129188
10 249.915025 1867.727765
11 1624.914510 1006.066030
12 2352.379670 1901.389162
13 3134.682563 1252.336819
14 3454.192047 1470.271062
15 4088.262829 1814.774355
16 1793.269699 726.768369
17 2394.138167 2478.721118
18 2915.948440 2277.284606
19 3248.760829 1632.927719
20 3565.386921 2307.714347
21 2003.438296 1750.078914
22 5045.412497 1501.058697
23 4968.911498 903.491155
24 1132.881795 1847.572319
25 1346.215504 2707.543244
26 3696.675929 3258.180079
27 3215.419680 1790.670945
28 4842.132922 663.836691
29 3328.846011 2844.859763
30 1846.214054 3242.473602
31 1186.683125 2129.586415
32 1312.553849 1512.816684
33 4073.836871 1221.117185
34 1301.241385 3022.852760
35 3295.767814 2248.887371
36 3611.105183 2511.041471
37 5057.289628 2165.370571
38 3273.824357 2300.605493
39 2459.032250 3165.001854
40 3047.429436 1677.122231
41 4178.059411 1151.121814
42 3611.846189 2665.505641
43 2551.845297 513.083195
44 3983.061393 2690.223322
45 3791.417925 2309.897691
46 3211.608857 2624.754252
47 3695.473713 1507.049025
48 729.936983 1151.204703
49 1781.671508 2896.097768
50 718.056161 1670.975517
51 3384.211634 2261.755640
52 4979.919722 302.682236
53 3441.274215 1243.185344
54 2511.067894 493.332946
55 3028.828478 1717.610163
56 3497.466692 1394.679245
57 1427.654279 2147.843168
58 2139.759833 2187.886380
59 4226.407310 1652.815426
60 4029.068962 1927.235427
61 1977.879359 3452.688690
62 907.955897 2912.178301
63 3826.206851 462.667013
64 2569.943257 3600.248314
65 3056.274581 2180.114350
66 2608.043884 1178.760180
67 3502.690105 643.868802
68 4214.744105 1761.351409
69 2916.135193 722.296219
70 2589.907079 1562.411451
71 3472.556133 2351.024058
72 4409.422785 1662.274310
73 2371.728989 1281.763145
74 3409.381296 923.385569
75 389.233257 3192.821073
76 1050.734160 1407.630861
77 4809.483272 1681.682562
78 4944.851634 1731.787283
79 3176.235947 1355.779291

0 1283.864354 2152.447441
1 1675.129992 2041.341311
2 2681.597133 1301.094713
3 3779.428188 1901.959603
4 4665.831808 2774.961850
5 2374.900812 3804.779791
6 2310.746939 2413.735088
7 1000.936759 2378.384840
8 2208.512108 3478.312456
9 1686.868970 3047.129210
10 249.915033 1867.727697
11 1624.914503 1006.066018
12 2352.379856 1901.389225
13 3134.682546 1252.336848
14 3454.192097 1470.271044
15 4088.262881 1814.774412
16 1793.269704 726.768396
17 2394.138080 2478.721171
18 2915.948474 2277.284595
19 3248.760851 1632.927660
20 3565.386958 2307.714355
21 2003.438345 1750.078889
22 5045.412508 1501.058701
23 4968.911483 903.491171
24 1132.881753 1847.572293
25 1346.215553 2707.543203
26 3696.675976 3258.180065
27 3215.419613 1790.670936
28 4842.132905 663.836686
29 3328.846048 2844.859804
30 1846.214068 3242.473584
31 1186.683148 2129.586449
32 1312.553817 1512.816669
33 4073.836926 1221.117172
34 1301.241426 3022.852800
35 3295.767896 2248.887312
36 3611.105215 2511.041439
37 5057.289619 2165.370629
38 3273.824281 2300.605542
39 2459.032183 3165.001874
40 3047.429536 1677.122280
41 4178.059453 1151.121798
42 3611.846224 2665.505635
43 2551.845337 513.083180
44 3983.061400 2690.223353
45 3791.417895 2309.897676
46 3211.608888 2624.754275
47 3695.473705 1507.048983
48 729.936990 1151.204741
49 1781.671421 2896.097817
50 718.056186 1670.976024
51 3384.211625 2261.755684
52 4979.919731 302.682227
53 3441.274285 1243.185283
54 2511.067866 493.332926
55 3028.828442 1717.610163
56 3497.466733 1394.679177
57 1427.654240 2147.843106
58 2139.759773 2187.886334
59 4226.407282 1652.815400
60 4029.068948 1927.235360
61 1977.879276 3452.688699
62 907.955896 2912.178317
63 3826.206829 462.666997
64 2569.943230 3600.248326
65 3056.274523 2180.114418
66 2608.043887 1178.760207
67 3502.690090 643.868774
68 4214.744104 1761.351381
69 2916.135107 722.296203
70 2589.907118 1562.411483
71 3472.556074 2351.024065
72 4409.422762 1662.274324
73 2371.728954 1281.763086
74 3409.381229 923.385544
75 389.233252 3192.821060
76 1050.734152 1407.630814
77 4809.483269 1681.682518
78 4944.851642 1731.787251
79 3176.235970 1355.779249

0 1283.772668 2152.774277
1 1675.244479 2041.311935
2 2681.439290 1301.178139
3 3779.803001 1901.972071
4 4666.397103 2774.834796
5 2374.707304 3805.240684
6 2310.586965 2413.641046
7 1000.386327 2378.401390
8 2208.456622 3478.444799
9 1686.912242 3047.189044
10 249.734951 1867.665556
11 1624.808042 1005.976392
12 2352.060684 1901.422263
13 3134.826516 1252.151271
14 3454.527544 1470.046421
15 4088.601201 1814.752098
16 1792.959618 726.577670
17 2394.102556 2478.738244
18 2916.031129 2277.398576
19 3248.765319 1632.545849
20 3565.453749 2307.740170
21 2003.606241 1749.921859
22 5045.879071 1501.090517
23 4968.972187 903.390639
24 1132.780414 1847.312117
25 1346.233981 2707.636631
26 3696.641584 3258.433390
27 3215.327807 1790.657619
28 4842.250712 663.824317
29 3328.913844 2845.056874
30 1845.990944 3242.477321
31 1186.473948 2129.713335
32 1312.494206 1512.817496
33 4074.161333 1221.080323
34 1301.171513 3022.924387
35 3295.819708 2248.620674
36 3611.055943 2510.995424
37 5057.757307 2165.350121
38 3273.764869 2300.747134
39 2459.038311 3165.393311
40 3047.950810 1677.122481
41 4178.064959 1151.093841
42 3612.109972 2665.549739
43 2551.932686 513.033153
44 3983.323332 2690.298161
45 3791.548264 2309.802711
46 3211.607852 2624.786890
47 3695.512648 1507.046675
48 729.898957 1151.262915
49 1781.352814 2896.595254
50 718.022229 1670.935697
51 3384.187969 2261.834032
52 4979.991812 302.484127
53 3441.672562 1243.043686
54 2511.115618 493.211527
55 3028.898621 1717.551403
56 3497.464883 1394.591919
57 1427.121097 2147.673362
58 2139.694929 2187.939834
59 4226.506755 1652.846622
60 4028.974428 1927.205105
61 1977.745831 3452.844334
62 907.982766 2912.386098
63 3826.227153 462.661835
64 2569.707170 3600.430515
65 3056.290741 2180.184825
66 2608.027623 1178.684768
67 3502.768524 643.606100
68 4215.116338 1761.261504
69 2916.151513 721.932533
70 2589.998440 1562.360851
71 3472.451680 2351.091512
72 4409.458328 1662.349635
73 2371.418624 1281.366293
74 3409.495394 922.956874
75 389.118758 3193.036196
76 1050.642800 1407.516378
77 4809.602073 1681.694033
78 4944.938151 1731.574433
79 3176.321827 1355.806110

0 1283.741621 2152.884952
1 1675.283247 2041.301988
2 2681.385841 1301.206389
3 3779.929922 1901.976293
4 4666.588526 2774.791772
5 2374.641778 3805.396754
6 2310.532794 2413.609201
7 1000.199936 2378.406994
8 2208.437833 3478.489613
9 1686.926895 3047.209305
10 249.673970 1867.644513
11 1624.771991 1005.946043
12 2351.952605 1901.433451
13 3134.875267 1252.088431
14 3454.641136 1469.970357
15 4088.715765 1814.744542
16 1792.854615 726.513086
17 2394.090526 2478.744025
18 2916.059118 2277.437173
19 3248.766832 1632.416558
20 3565.476366 2307.748912
21 2003.663095 1749.868685
22 5046.037061 1501.101291
23 4968.992742 903.356597
24 1132.746098 1847.224015
25 1346.240221 2707.668268
26 3696.629938 3258.519172
27 3215.296718 1790.653110
28 4842.290604 663.820128
29 3328.936801 2845.123607
30 1845.915388 3242.478587
31 1186.403107 2129.756301
32 1312.474020 1512.817776
33 4074.271186 1221.067846
34 1301.147838 3022.948628
35 3295.837253 2248.530383
36 3611.039259 2510.979842
37 5057.915678 2165.343176
38 3273.744751 2300.795081
39 2459.040386 3165.525861
40 3048.127327 1677.122549
41 4178.066824 1151.084374
42 3612.199284 2665.564674
43 2551.962265 513.016213
44 3983.412029 2690.323493
45 3791.592409 2309.770553
46 3211.607502 2624.797934
47 3695.525835 1507.045893
48 729.886078 1151.282615
49 1781.244926 2896.763698
50 718.010731 1670.922044
51 3384.179959 2261.860562
52 4980.016220 302.417046
53 3441.807429 1242.995737
54 2511.131788 493.170418
55 3028.922386 1717.531505
56 3497.464257 1394.562371
57 1426.940560 2147.615882
58 2139.672971 2187.957951
59 4226.540439 1652.857194
60 4028.942421 1927.194859
61 1977.700643 3452.897036
62 907.991865 2912.456458
63 3826.234035 462.660087
64 2569.627234 3600.492209
65 3056.296233 2180.208666
66 2608.022116 1178.659223
67 3502.795083 643.517151
68 4215.242386 1761.231069
69 2916.157068 721.809385
70 2590.029364 1562.343707
71 3472.416329 2351.114352
72 4409.470371 1662.375138
73 2371.313538 1281.231928
74 3409.534052 922.811715
75 389.079987 3193.109047
76 1050.611866 1407.477627
77 4809.642303 1681.697933
78 4944.967445 1731.502367
79 3176.350900 1355.815206

0 1283.742052 2152.883418
1 1675.282710 2041.302126
2 2681.386582 1301.205997
3 3779.928163 1901.976234
4 4666.585873 2774.792369
5 2374.642686 3805.394591
6 2310.533545 2413.609642
7 1000.202520 2378.406916
8 2208.438093 3478.488992
9 1686.926692 3047.209024
10 249.674816 1867.644804
11 1624.772491 1005.946464
12 2351.954103 1901.433296
13 3134.874592 1252.089302
14 3454.639561 1469.971412
15 4088.714177 1814.744647
16 1792.856071 726.513981
17 2394.090693 2478.743945
18 2916.058730 2277.436638
19 3248.766811 1632.418350
20 3565.476053 2307.748791
21 2003.662307 1749.869422
22 5046.034871 1501.101142
23 4968.992458 903.357069
24 1132.746574 1847.225236
25 1346.240135 2707.667829
26 3696.630099 3258.517983
27 3215.297149 1790.653172
28 4842.290051 663.820186
29 3328.936483 2845.122682
30 1845.916435 3242.478569
31 1186.404089 2129.755706
32 1312.474300 1512.817772
33 4074.269664 1221.068018
34 1301.148167 3022.948292
35 3295.837010 2248.531635
36 3611.039490 2510.980058
37 5057.913483 2165.343273
38 3273.745029 2300.794417
39 2459.040357 3165.524024
40 3048.124881 1677.122548
41 4178.066798 1151.084506
42 3612.198046 2665.564467
43 2551.961855 513.016448
44 3983.410800 2690.323142
45 3791.591797 2309.770999
46 3211.607507 2624.797781
47 3695.525652 1507.045904
48 729.886256 1151.282342
49 1781.246421 2896.761364
50 718.010890 1670.922233
51 3384.180070 2261.860195
52 4980.015882 302.417975
53 3441.805559 1242.996402
54 2511.131564 493.170988
55 3028.922056 1717.531781
56 3497.464266 1394.562781
57 1426.943063 2147.616679
58 2139.673275 2187.957700
59 4226.539973 1652.857047
60 4028.942865 1927.195001
61 1977.701269 3452.896306
62 907.991739 2912.455482
63 3826.233940 462.660112
64 2569.628342 3600.491354
65 3056.296157 2180.208336
66 2608.022192 1178.659577
67 3502.794715 643.518384
68 4215.240639 1761.231491
69 2916.156991 721.811092
70 2590.028936 1562.343944
71 3472.416819 2351.114035
72 4409.470204 1662.374784
73 2371.314995 1281.233791
74 3409.533516 922.813727
75 389.080524 3193.108037
76 1050.612295 1407.478164
77 4809.641745 1681.697879
78 4944.967039 1731.503366
79 3176.350497 1355.815080

0 1283.742046 2152.883439
1 1675.282717 2041.302124
2 2681.386572 1301.206003
3 3779.928187 1901.976235
4 4666.585910 2774.792360
5 2374.642673 3805.394621
6 2310.533535 2413.609636
7 1000.202484 2378.406917
8 2208.438090 3478.489001
9 1686.926694 3047.209028
10 249.674804 1867.644800
11 1624.772484 1005.946458
12 2351.954082 1901.433298
13 3134.874601 1252.089290
14 3454.639583 1469.971397
15 4088.714199 1814.744645
16 1792.856051 726.513969
17 2394.090691 2478.743946
18 2916.058735 2277.436646
19 3248.766811 1632.418325
20 3565.476057 2307.748793
21 2003.662318 1749.869411
22 5046.034901 1501.101144
23 4968.992461 903.357062
24 1132.746567 1847.225219
25 1346.240136 2707.667836
26 3696.630097 3258.517999
27 3215.297143 1790.653172
28 4842.290058 663.820185
29 3328.936488 2845.122695
30 1845.916421 3242.478569
31 1186.404075 2129.755714
32 1312.474296 1512.817772
33 4074.269685 1221.068016
34 1301.148162 3022.948297
35 3295.837013 2248.531618
36 3611.039487 2510.980055
37 5057.913513 2165.343271
38 3273.745026 2300.794426
39 2459.040357 3165.524049
40 3048.124915 1677.122548
41 4178.066799 1151.084504
42 3612.198063 2665.564470
43 2551.961861 513.016445
44 3983.410817 2690.323147
45 3791.591806 2309.770993
46 3211.607507 2624.797783
47 3695.525655 1507.045904
48 729.886254 1151.282346
49 1781.246400 2896.761396
50 718.010888 1670.922230
51 3384.180068 2261.860200
52 4980.015887 302.417963
53 3441.805585 1242.996393
54 2511.131567 493.170980
55 3028.922061 1717.531777
56 3497.464266 1394.562775
57 1426.943028 2147.616668
58 2139.673271 2187.957703
59 4226.539979 1652.857049
60 4028.942858 1927.194999
61 1977.701260 3452.896316
62 907.991740 2912.455496
63 3826.233941 462.660111
64 2569.628326 3600.491366
65 3056.296158 2180.208341
66 2608.022191 1178.659572
67 3502.794720 643.518367
68 4215.240663 1761.231486
69 2916.156992 721.811068
70 2590.028942 1562.343941
71 3472.416812 2351.114040
72 4409.470206 1662.374789
73 2371.314975 1281.233765
74 3409.533524 922.813700
75 389.080517 3193.108051
76 1050.612289 1407.478157
77 4809.641753 1681.697879
78 4944.967045 1731.503352
79 3176.350502 1355.815082

0 1283.742046 2152.883439
1 1675.282717 2041.302124
2 2681.386572 1301.206003
3 3779.928187 1901.976235
4 4666.585909 2774.792360
5 2374.642674 3805.394620
6 2310.533535 2413.609636
7 1000.202485 2378.406917
8 2208.438090 3478.489001
9 1686.926694 3047.209028
10 249.674804 1867.644800
11 1624.772484 1005.946458
12 2351.954083 1901.433298
13 3134.874601 1252.089290
14 3454.639583 1469.971397
15 4088.714199 1814.744645
16 1792.856051 726.513969
17 2394.090691 2478.743946
18 2916.058735 2277.436646
19 3248.766811 1632.418326
20 3565.476057 2307.748793
21 2003.662318 1749.869412
22 5046.034901 1501.101144
23 4968.992461 903.357062
24 1132.746567 1847.225219
25 1346.240136 2707.667835
26 3696.630097 3258.517999
27 3215.297143 1790.653172
28 4842.290058 663.820185
29 3328.936488 2845.122695
30 1845.916421 3242.478569
31 1186.404076 2129.755714
32 1312.474296 1512.817772
33 4074.269684 1221.068016
34 1301.148162 3022.948297
35 3295.837013 2248.531618
36 3611.039487 2510.980055
37 5057.913513 2165.343271
38 3273.745026 2300.794426
39 2459.040357 3165.524049
40 3048.124914 1677.122548
41 4178.066799 1151.084504
42 3612.198063 2665.564469
43 2551.961861 513.016445
44 3983.410817 2690.323147
45 3791.591806 2309.770993
46 3211.607507 2624.797783
47 3695.525655 1507.045904
48 729.886254 1151.282346
49 1781.246401 2896.761396
50 718.010888 1670.922230
51 3384.180068 2261.860200
52 4980.015887 302.417963
53 3441.805585 1242.996393
54 2511.131567 493.170980
55 3028.922061 1717.531777
56 3497.464266 1394.562775
57 1426.943029 2147.616668
58 2139.673271 2187.957703
59 4226.539979 1652.857049
60 4028.942859 1927.194999
61 1977.701261 3452.896316
62 907.991740 2912.455496
63 3826.233941 462.660111
64 2569.628327 3600.491366
65 3056.296158 2180.208340
66 2608.022191 1178.659572
67 3502.794720 643.518367
68 4215.240663 1761.231486
69 2916.156992 721.811068
70 2590.028941 1562.343941
71 3472.416812 2351.114040
72 4409.470206 1662.374789
73 2371.314975 1281.233765
74 3409.533524 922.813700
75 389.080517 3193.108051
76 1050.612289 1407.478157
77 4809.641753 1681.697879
78 4944.967045 1731.503352
79 3176.350502 1355.815082

0 1282.058201 2154.318840
1 1673.696709 2042.372047
2 2680.694405 1300.629740
3 3781.382775 1901.886678
4 4666.817577 2773.857723
5 2372.625419 3806.427290
6 2309.817373 2412.913469
7 999.044426 2378.745948
8 2209.092157 3478.560147
9 1685.960427 3048.420035
10 248.717362 1867.431312
11 1623.093684 1004.806901
12 2351.883095 1902.311269
13 3135.872654 1252.719238
14 3454.129631 1470.345864
15 4089.303977 1816.203560
16 1793.579795 725.611800
17 2393.709493 2480.092947
18 2915.334897 2276.960017
19 3249.231928 1632.493053
20 3566.239752 2307.148216
21 2003.963242 1750.147497
22 5046.474135 1501.006197
23 4968.762203 902.209465
24 1131.164243 1847.005527
25 1345.688589 2707.649455
26 3697.255152 3258.155057
27 3214.206963 1791.381876
28 4842.903540 662.606357
29 3329.931535 2846.457869
30 1845.938521 3243.280555
31 1184.987076 2130.744052
32 1311.066035 1513.260895
33 4075.165422 1220.050374
34 1301.133232 3023.090946
35 3296.973892 2248.327502
36 3610.460755 2511.961748
37 5057.894877 2165.616322
38 3272.588648 2300.600640
39 2457.069262 3166.642336
40 3049.511790 1677.555178
41 4179.056719 1151.482267
42 3611.593070 2666.925657
43 2551.047915 512.838373
44 3984.728676 2691.707748
45 3792.035287 2310.179482
46 3211.400169 2624.888364
47 3697.257344 1506.887475
48 729.394243 1150.952794
49 1779.620221 2897.897295
50 716.146624 1670.691127
51 3384.717073 2262.511661
52 4979.866430 302.423470
53 3443.119753 1241.557734
54 2511.938103 492.918675
55 3029.314504 1717.735215
56 3498.366181 1393.276588
57 1425.180674 2147.484043
58 2137.867520 2188.556399
59 4228.446904 1652.058699
60 4028.978354 1925.847418
61 1975.911002 3454.295599
62 906.099190 2913.334417
63 3826.485913 461.929736
64 2568.321182 3601.112939
65 3055.908905 2180.548988
66 2608.127330 1177.574317
67 3503.505552 642.148737
68 4215.357126 1760.456999
69 2914.314130 720.381684
70 2591.533569 1561.493014
71 3472.991201 2350.954278
72 4410.307499 1663.117905
73 2370.699438 1280.740296
74 3409.488154 921.563240
75 387.217340 3193.604990
76 1048.587181 1406.034092
77 4809.610978 1682.111065
78 4945.034335 1731.816372
79 3176.787239 1354.649116

0 1282.081540 2154.298944
1 1673.718692 2042.357217
2 2680.703999 1300.637727
3 3781.362614 1901.887919
4 4666.814366 2773.870678
5 2372.653380 3806.412976
6 2309.827300 2412.923119
7 999.060478 2378.741249
8 2209.083091 3478.559161
9 1685.973820 3048.403249
10 248.730633 1867.434271
11 1623.116954 1004.822696
12 2351.884079 1902.299099
13 3135.858820 1252.710507
14 3454.136699 1470.340674
15 4089.295802 1816.183338
16 1793.569764 725.624305
17 2393.714776 2480.074248
18 2915.344930 2276.966623
19 3249.225481 1632.492018
20 3566.229166 2307.156540
21 2003.959070 1750.143642
22 5046.468047 1501.007513
23 4968.765394 902.225372
24 1131.186176 1847.008573
25 1345.696234 2707.649710
26 3697.246488 3258.160087
27 3214.222074 1791.371776
28 4842.895036 662.623182
29 3329.917743 2846.439363
30 1845.938214 3243.269439
31 1185.006717 2130.730353
32 1311.085555 1513.254753
33 4075.153006 1220.064479
34 1301.133439 3023.088969
35 3296.958134 2248.330332
36 3610.468777 2511.948141
37 5057.895135 2165.612537
38 3272.604676 2300.603326
39 2457.096583 3166.626835
40 3049.492567 1677.549182
41 4179.042997 1151.476754
42 3611.601456 2666.906789
43 2551.060583 512.840841
44 3984.710409 2691.688556
45 3792.029140 2310.173820
46 3211.403043 2624.887108
47 3697.233341 1506.889671
48 729.401063 1150.957362
49 1779.642761 2897.881550
50 716.172464 1670.694330
51 3384.709629 2262.502631
52 4979.868501 302.423394
53 3443.101538 1241.577675
54 2511.926924 492.922172
55 3029.309065 1717.732395
56 3498.353680 1393.294416
57 1425.205102 2147.485881
58 2137.892549 2188.548100
59 4228.420472 1652.069765
60 4028.977862 1925.866096
61 1975.935817 3454.276204
62 906.125422 2913.322234
63 3826.482420 461.939860
64 2568.339300 3601.104323
65 3055.914272 2180.544267
66 2608.125873 1177.589359
67 3503.495700 642.167721
68 4215.355512 1760.467734
69 2914.339674 720.401496
70 2591.512713 1561.504809
71 3472.983239 2350.956493
72 4410.295893 1663.107605
73 2370.707969 1280.747136
74 3409.488783 921.580572
75 387.243165 3193.598102
76 1048.615251 1406.054108
77 4809.611404 1682.105338
78 4945.033402 1731.812034
79 3176.781185 1354.665277

0 1280.741181 2154.816550
1 1673.400424 2042.148006
2 2680.419582 1300.081615
3 3781.066873 1902.183669
4 4667.074651 2774.225658
5 2371.632581 3807.208556
6 2309.013501 2412.431563
7 997.685172 2379.278163
8 2209.392714 3479.049142
9 1685.653599 3048.989959
10 246.380108 1867.104498
11 1623.189383 1004.557911
12 2351.487865 1903.714218
13 3135.332875 1252.241030
14 3454.256442 1469.797047
15 4090.166672 1817.790350
16 1792.972632 724.830805
17 2392.565154 2481.954918
18 2915.344117 2276.625635
19 3248.953242 1631.640015
20 3567.609643 2307.201481
21 2004.694698 1749.720946
22 5047.216204 1500.536026
23 4970.723710 901.296880
24 1130.145906 1847.359294
25 1346.280479 2706.870670
26 3697.688062 3259.152093
27 3214.109846 1791.282814
28 4843.932243 661.615076
29 3330.425915 2847.225628
30 1844.812825 3243.772768
31 1185.405367 2130.844796
32 1310.470875 1513.122355
33 4076.067130 1219.381132
34 1300.650097 3023.347991
35 3299.427477 2247.726947
36 3610.025655 2512.507200
37 5058.887656 2166.009872
38 3271.970078 2301.500495
39 2456.294797 3168.222470
40 3050.986557 1677.229244
41 4181.535093 1150.685863
42 3613.230469 2667.902275
43 2551.603685 512.217279
44 3984.584430 2692.901649
45 3792.763052 2309.778373
46 3211.533344 2625.100031
47 3698.763668 1506.234974
48 727.551493 1151.179264
49 1779.037333 2899.685788
50 715.503857 1669.698514
51 3384.164913 2262.889967
52 4981.622648 300.763317
53 3445.128876 1240.909516
54 2512.212914 492.596602
55 3029.777641 1717.351374
56 3499.355910 1391.790221
57 1424.124669 2146.889894
58 2135.995442 2188.780876
59 4228.916685 1650.696379
60 4029.802989 1924.533989
61 1975.278869 3455.000571
62 905.471462 2913.937232
63 3826.948059 461.758668
64 2567.491236 3602.665287
65 3055.104456 2181.200404
66 2607.303305 1177.830464
67 3503.157555 640.250063
68 4215.029461 1760.699127
69 2912.999059 718.637222
70 2592.918947 1561.830206
71 3472.108434 2351.953821
72 4411.865147 1663.187709
73 2370.271764 1279.909762
74 3408.840181 920.090052
75 386.149263 3194.103177
76 1047.935434 1404.206474
77 4811.709696 1681.990685
78 4946.811311 1731.560950
79 3177.440906 1353.625591

0 1280.444358 2154.935874
1 1673.322845 2042.109652
2 2680.354594 1299.959196
3 3781.012310 1902.246403
4 4667.131722 2774.296006
5 2371.402126 3807.384936
6 2308.835117 2412.322237
7 997.384018 2379.395055
8 2209.462866 3479.154390
9 1685.579311 3049.122723
10 245.871525 1867.032672
11 1623.194831 1004.494445
12 2351.402677 1904.022211
13 3135.226332 1252.144364
14 3454.279007 1469.682988
15 4090.356509 1818.142873
16 1792.849218 724.655650
17 2392.316932 2482.365327
18 2915.339612 2276.549835
19 3248.897785 1631.458190
20 3567.909542 2307.207501
21 2004.853874 1749.632182
22 5047.378889 1500.434591
23 4971.141279 901.091378
24 1129.913890 1847.433009
25 1346.402167 2706.703898
26 3697.786270 3259.362144
27 3214.079312 1791.268144
28 4844.157806 661.392145
29 3330.540585 2847.401827
30 1844.572200 3243.885246
31 1185.482170 2130.875194
32 1310.330948 1513.096683
33 4076.268052 1219.228852
34 1300.546605 3023.404259
35 3299.962552 2247.596642
36 3609.927394 2512.632675
37 5059.099877 2166.096509
38 3271.827397 2301.691269
39 2456.111473 3168.570520
40 3051.314471 1677.163388
41 4182.074156 1150.519047
42 3613.575347 2668.123388
43 2551.714402 512.082814
44 3984.565367 2693.169455
45 3792.922713 2309.696218
46 3211.559979 2625.146124
47 3699.101418 1506.093965
48 727.152866 1151.224764
49 1778.898080 2900.078571
50 715.349663 1669.484093
51 3384.051594 2262.976729
52 4981.997022 300.408206
53 3445.570454 1240.757965
54 2512.278923 492.525442
55 3029.880234 1717.271078
56 3499.575717 1391.460728
57 1423.882982 2146.761600
58 2135.578783 2188.834258
59 4229.034253 1650.397790
60 4029.979722 1924.240944
61 1975.127612 3455.163911
62 905.320233 2914.074060
63 3827.049183 461.715535
64 2567.301984 3603.002948
65 3054.928893 2181.342812
66 2607.127960 1177.875549
67 3503.089469 639.831617
68 4214.960406 1760.743994
69 2912.701229 718.251232
70 2593.228791 1561.894727
71 3471.924722 2352.166225
72 4412.205871 1663.209293
73 2370.174762 1279.727667
74 3408.701153 919.763698
75 385.904092 3194.214203
76 1047.777880 1403.802563
77 4812.158404 1681.968630
78 4947.192066 1731.509108
79 3177.584655 1353.396191

0 1280.155889 2155.030581
1 1673.279565 2042.036294
2 2680.300501 1299.836909
3 3780.909840 1902.319856
4 4667.189767 2774.401754
5 2371.198054 3807.555453
6 2308.653464 2412.218117
7 997.075916 2379.517741
8 2209.523866 3479.271416
9 1685.522384 3049.238918
10 245.323229 1866.957430
11 1623.248043 1004.454613
12 2351.308332 1904.345899
13 3135.077876 1252.017394
14 3454.318817 1469.543511
15 4090.554656 1818.500634
16 1792.689371 724.482862
17 2392.046914 2482.791630
18 2915.354803 2276.477474
19 3248.822036 1631.250481
20 3568.227278 2307.231141
21 2005.025443 1749.524010
22 5047.550549 1500.322545
23 4971.619939 900.891149
24 1129.695861 1847.522527
25 1346.555236 2706.515820
26 3697.879810 3259.609850
27 3214.075337 1791.231130
28 4844.395690 661.174064
29 3330.642370 2847.563660
30 1844.299471 3243.989965
31 1185.608737 2130.881870
32 1310.212180 1513.055232
33 4076.470159 1219.085167
34 1300.429990 3023.463890
35 3300.535778 2247.455008
36 3609.832495 2512.747055
37 5059.340389 2166.186829
38 3271.698455 2301.912437
39 2455.959405 3168.932770
40 3051.646421 1677.076790
41 4182.656011 1150.319255
42 3613.982307 2668.335283
43 2551.865222 511.935744
44 3984.506873 2693.433497
45 3793.090837 2309.591866
46 3211.595910 2625.195710
47 3699.434828 1505.938946
48 726.715869 1151.285453
49 1778.786183 2900.490913
50 715.227543 1669.248094
51 3383.908397 2263.056586
52 4982.424571 300.006476
53 3446.032980 1240.626905
54 2512.330965 492.452042
55 3029.985251 1717.174575
56 3499.799008 1391.124169
57 1423.659064 2146.620235
58 2135.158214 2188.877845
59 4229.113761 1650.082506
60 4030.178586 1923.947322
61 1975.006739 3455.309406
62 905.202258 2914.204158
63 3827.156476 461.687227
64 2567.124605 3603.367370
65 3054.741211 2181.494306
66 2606.926725 1177.956950
67 3502.992551 639.396805
68 4214.879051 1760.816439
69 2912.416078 717.854798
70 2593.537007 1561.991538
71 3471.700874 2352.410900
72 4412.567713 1663.212874
73 2370.082318 1279.535576
74 3408.545205 919.429687
75 385.679059 3194.325829
76 1047.656467 1403.386274
77 4812.666687 1681.932108
78 4947.620756 1731.441710
79 3177.734973 1353.169453

0 1280.107003 2155.045317
1 1673.274216 2042.021632
2 2680.291894 1299.815981
3 3780.889419 1902.333076
4 4667.199763 2774.421985
5 2371.164701 3807.584295
6 2308.622168 2412.200604
7 997.022750 2379.539093
8 2209.533760 3479.292159
9 1685.513680 3049.257816
10 245.226973 1866.944343
11 1623.260022 1004.449213
12 2351.291629 1904.402258
13 3135.049942 1251.993836
14 3454.326668 1469.518105
15 4090.589079 1818.562199
16 1792.659816 724.453422
17 2391.999376 2482.865569
18 2915.358587 2276.465292
19 3248.807849 1631.213365
20 3568.282747 2307.236247
21 2005.055561 1749.504324
22 5047.580477 1500.302725
23 4971.705557 900.857186
24 1129.659374 1847.538803
25 1346.583327 2706.482341
26 3697.895544 3259.654521
27 3214.076252 1791.223452
28 4844.437157 661.137019
29 3330.659023 2847.590503
30 1844.250850 3244.007427
31 1185.633395 2130.881588
32 1310.193117 1513.047188
33 4076.504832 1219.061084
34 1300.409237 3023.474301
35 3300.636209 2247.430079
36 3609.816450 2512.765972
37 5059.383265 2166.202514
38 3271.677205 2301.952127
39 2455.935248 3168.995642
40 3051.703495 1677.060718
41 4182.758198 1150.283069
42 3614.055709 2668.371007
43 2551.893451 511.909808
44 3984.494490 2693.478476
45 3793.120129 2309.572667
46 3211.602620 2625.204409
47 3699.491649 1505.911564
48 726.638748 1151.296756
49 1778.768668 2900.562683
50 715.208562 1669.206393
51 3383.882087 2263.069843
52 4982.500963 299.934897
53 3446.113425 1240.605698
54 2512.339036 492.439341
55 3030.003376 1717.157079
56 3499.837446 1391.066124
57 1423.621796 2146.595248
58 2135.085976 2188.884718
59 4229.125087 1650.027525
60 4030.213962 1923.897018
61 1974.987870 3455.333243
62 905.184057 2914.226027
63 3827.175215 461.683271
64 2567.094949 3603.431368
65 3054.708350 2181.520788
66 2606.890718 1177.973067
67 3502.974227 639.321380
68 4214.864383 1760.830498
69 2912.368021 717.786299
70 2593.589677 1562.010052
71 3471.660140 2352.454728
72 4412.630930 1663.212406
73 2370.066766 1279.502088
74 3408.517489 919.372043
75 385.641742 3194.344976
76 1047.637851 1403.314260
77 4812.757286 1681.924987
78 4947.697029 1731.429236
79 3177.761103 1353.130794

0 1280.089040 2155.050769
1 1673.272193 2042.016309
2 2680.288715 1299.808297
3 3780.882004 1902.337911
4 4667.203431 2774.429352
5 2371.152409 3807.594894
6 2308.610683 2412.194165
7 997.003242 2379.546923
8 2209.537409 3479.299755
9 1685.510455 3049.264783
10 245.191699 1866.939544
11 1623.264339 1004.447190
12 2351.285513 1904.422925
13 3135.039757 1251.985238
14 3454.329521 1469.508820
15 4090.601704 1818.584794
16 1792.649027 724.442609
17 2391.981959 2482.892690
18 2915.359942 2276.460813
19 3248.802674 1631.199782
20 3568.303083 2307.238091
21 2005.066598 1749.497130
22 5047.591450 1500.295466
23 4971.736888 900.844707
24 1129.645953 1847.544751
25 1346.593587 2706.470085
26 3697.901329 3259.670857
27 3214.076542 1791.220670
28 4844.452361 661.123409
29 3330.665159 2847.600384
30 1844.233053 3244.013852
31 1185.642363 2130.881525
32 1310.186082 1513.044262
33 4076.517560 1219.052227
34 1300.401639 3023.478118
35 3300.673018 2247.420945
36 3609.810553 2512.772936
37 5059.398959 2166.208266
38 3271.669379 2301.966648
39 2455.926324 3169.018702
40 3051.724443 1677.054853
41 4182.795644 1150.269839
42 3614.082553 2668.384139
43 2551.903747 511.900307
44 3984.490012 2693.494997
45 3793.130869 2309.565656
46 3211.605068 2625.207597
47 3699.512519 1505.901535
48 726.610498 1151.300880
49 1778.762191 2900.589000
50 715.201538 1669.191119
51 3383.872478 2263.074722
52 4982.528920 299.908696
53 3446.142925 1240.597876
54 2512.342023 492.434681
55 3030.010027 1717.150684
56 3499.851553 1391.044824
57 1423.608082 2146.586096
58 2135.059459 2188.887259
59 4229.129310 1650.007367
60 4030.226912 1923.878549
61 1974.980890 3455.342026
62 905.177317 2914.234068
63 3827.182085 461.681793
64 2567.084041 3603.454820
65 3054.696306 2181.530496
66 2606.877542 1177.978923
67 3502.967548 639.293715
68 4214.859019 1760.835613
69 2912.350354 717.761166
70 2593.609018 1562.016795
71 3471.645252 2352.470764
72 4412.654105 1663.212265
73 2370.061047 1279.489810
74 3408.507342 919.350892
75 385.628006 3194.352005
76 1047.630954 1403.287840
77 4812.790448 1681.922397
78 4947.724951 1731.424683
79 3177.770685 1353.116595

0 1280.084704 2155.052085
1 1673.271705 2042.015023
2 2680.287948 1299.806442
3 3780.880213 1902.339078
4 4667.204317 2774.431131
5 2371.149443 3807.597453
6 2308.607910 2412.192611
7 996.998532 2379.548813
8 2209.538289 3479.301589
9 1685.509676 3049.266464
10 245.183184 1866.938386
11 1623.265381 1004.446702
12 2351.284036 1904.427913
13 3135.037298 1251.983162
14 3454.330210 1469.506578
15 4090.604751 1818.590249
16 1792.646422 724.439999
17 2391.977755 2482.899237
18 2915.360270 2276.459732
19 3248.801425 1631.196503
20 3568.307992 2307.238537
21 2005.069263 1749.495393
22 5047.594099 1500.293714
23 4971.744453 900.841695
24 1129.642714 1847.546187
25 1346.596064 2706.467126
26 3697.902725 3259.674802
27 3214.076612 1791.219999
28 4844.456031 661.120124
29 3330.666640 2847.602769
30 1844.228756 3244.015402
31 1185.644529 2130.881509
32 1310.184384 1513.043555
33 4076.520633 1219.050089
34 1300.399805 3023.479040
35 3300.681904 2247.418740
36 3609.809129 2512.774617
37 5059.402748 2166.209655
38 3271.667490 2301.970153
39 2455.924171 3169.024269
40 3051.729500 1677.053437
41 4182.804684 1150.266645
42 3614.089034 2668.387309
43 2551.906233 511.898013
44 3984.488930 2693.498985
45 3793.133462 2309.563963
46 3211.605659 2625.208367
47 3699.517557 1505.899114
48 726.603678 1151.301876
49 1778.760628 2900.595353
50 715.199843 1669.187432
51 3383.870158 2263.075900
52 4982.535670 299.902371
53 3446.150047 1240.595988
54 2512.342744 492.433556
55 3030.011633 1717.149139
56 3499.854958 1391.039682
57 1423.604771 2146.583886
58 2135.053058 2188.887872
59 4229.130329 1650.002500
60 4030.230039 1923.874091
61 1974.979205 3455.344146
62 905.175691 2914.236009
63 3827.183744 461.681436
64 2567.081408 3603.460481
65 3054.693399 2181.532839
66 2606.874361 1177.980337
67 3502.965936 639.287036
68 4214.857724 1760.836848
69 2912.346089 717.755099
70 2593.613687 1562.018423
71 3471.641658 2352.474636
72 4412.659700 1663.212231
73 2370.059667 1279.486846
74 3408.504893 919.345786
75 385.624690 3194.353702
76 1047.629290 1403.281462
77 4812.798454 1681.921772
78 4947.731692 1731.423584
79 3177.772998 1353.113168

0 1280.083071 2155.052585
1 1673.271514 2042.014547
2 2680.287657 1299.805744
3 3780.879550 1902.339515
4 4667.204650 2774.431792
5 2371.148321 3807.598416
6 2308.606868 2412.192025
7 996.996762 2379.549523
8 2209.538622 3479.302276
9 1685.509380 3049.267100
10 245.179990 1866.937951
11 1623.265763 1004.446513
12 2351.283483 1904.429786
13 3135.036382 1251.982388
14 3454.330466 1469.505741
15 4090.605896 1818.592299
16 1792.645450 724.439016
17 2391.976178 2482.901696
18 2915.360389 2276.459325
19 3248.800959 1631.195275
20 3568.309834 2307.238700
21 2005.070262 1749.494744
22 5047.595094 1500.293057
23 4971.747284 900.840560
24 1129.641492 1847.546724
25 1346.596989 2706.466018
26 3697.903252 3259.676277
27 3214.076633 1791.219751
28 4844.457409 661.118887
29 3330.667200 2847.603669
30 1844.227147 3244.015987
31 1185.645333 2130.881509
32 1310.183740 1513.043293
33 4076.521788 1219.049283
34 1300.399118 3023.479386
35 3300.685238 2247.417913
36 3609.808593 2512.775251
37 5059.404167 2166.210176
38 3271.666777 2301.971465
39 2455.923354 3169.026359
40 3051.731401 1677.052909
41 4182.808074 1150.265451
42 3614.091458 2668.388504
43 2551.907160 511.897153
44 3984.488532 2693.500486
45 3793.134435 2309.563331
46 3211.605879 2625.208655
47 3699.519453 1505.898206
48 726.601122 1151.302247
49 1778.760033 2900.597739
50 715.199198 1669.186050
51 3383.869292 2263.076345
52 4982.538197 299.900002
53 3446.152721 1240.595274
54 2512.343018 492.433134
55 3030.012236 1717.148562
56 3499.856238 1391.037750
57 1423.603522 2146.583058
58 2135.050652 2188.888105
59 4229.130721 1650.000674
60 4030.231210 1923.872414
61 1974.978565 3455.344947
62 905.175072 2914.236741
63 3827.184366 461.681299
64 2567.080415 3603.462605
65 3054.692308 2181.533719
66 2606.873170 1177.980861
67 3502.965336 639.284528
68 4214.857240 1760.837306
69 2912.344483 717.752820
70 2593.615444 1562.019028
71 3471.640315 2352.476085
72 4412.661799 1663.212222
73 2370.059147 1279.485734
74 3408.503975 919.343867
75 385.623439 3194.354340
76 1047.628656 1403.279066
77 4812.801452 1681.921540
78 4947.734217 1731.423174
79 3177.773867 1353.111878

0 1280.083094 2155.052578
1 1673.271516 2042.014554
2 2680.287661 1299.805754
3 3780.879559 1902.339509
4 4667.204645 2774.431783
5 2371.148337 3807.598403
6 2308.606882 2412.192033
7 996.996787 2379.549513
8 2209.538618 3479.302266
9 1685.509384 3049.267091
10 245.180034 1866.937957
11 1623.265758 1004.446516
12 2351.283490 1904.429760
13 3135.036395 1251.982399
14 3454.330462 1469.505752
15 4090.605880 1818.592271
16 1792.645464 724.439030
17 2391.976200 2482.901662
18 2915.360387 2276.459331
19 3248.800966 1631.195292
20 3568.309809 2307.238698
21 2005.070248 1749.494753
22 5047.595080 1500.293066
23 4971.747245 900.840576
24 1129.641509 1847.546717
25 1346.596976 2706.466033
26 3697.903244 3259.676256
27 3214.076633 1791.219755
28 4844.457390 661.118904
29 3330.667192 2847.603657
30 1844.227170 3244.015979
31 1185.645321 2130.881509
32 1310.183749 1513.043296
33 4076.521772 1219.049294
34 1300.399128 3023.479381
35 3300.685191 2247.417925
36 3609.808600 2512.775243
37 5059.404147 2166.210169
38 3271.666787 2301.971447
39 2455.923365 3169.026330
40 3051.731375 1677.052916
41 4182.808027 1150.265468
42 3614.091425 2668.388487
43 2551.907147 511.897165
44 3984.488537 2693.500465
45 3793.134422 2309.563340
46 3211.605876 2625.208651
47 3699.519426 1505.898219
48 726.601157 1151.302242
49 1778.760042 2900.597706
50 715.199207 1669.186069
51 3383.869304 2263.076338
52 4982.538162 299.900035
53 3446.152684 1240.595283
54 2512.343014 492.433140
55 3030.012227 1717.148570
56 3499.856220 1391.037777
57 1423.603540 2146.583070
58 2135.050685 2188.888102
59 4229.130715 1650.000699
60 4030.231194 1923.872438
61 1974.978574 3455.344936
62 905.175080 2914.236731
63 3827.184358 461.681301
64 2567.080428 3603.462576
65 3054.692323 2181.533707
66 2606.873187 1177.980853
67 3502.965344 639.284563
68 4214.857246 1760.837300
69 2912.344505 717.752851
70 2593.615419 1562.019019
71 3471.640333 2352.476065
72 4412.661770 1663.212222
73 2370.059154 1279.485749
74 3408.503988 919.343893
75 385.623456 3194.354331
76 1047.628664 1403.279099
77 4812.801411 1681.921543
78 4947.734182 1731.423180
79 3177.773855 1353.111896

0 1280.083094 2155.052579
1 1673.271516 2042.014554
2 2680.287661 1299.805754
3 3780.879559 1902.339509
4 4667.204645 2774.431783
5 2371.148336 3807.598403
6 2308.606882 2412.192033
7 996.996787 2379.549513
8 2209.538618 3479.302266
9 1685.509384 3049.267092
10 245.180033 1866.937957
11 1623.265758 1004.446516
12 2351.283490 1904.429761
13 3135.036395 1251.982399
14 3454.330462 1469.505752
15 4090.605880 1818.592271
16 1792.645464 724.439030
17 2391.976200 2482.901662
18 2915.360387 2276.459331
19 3248.800966 1631.195292
20 3568.309809 2307.238698
21 2005.070248 1749.494753
22 5047.595080 1500.293066
23 4971.747245 900.840576
24 1129.641509 1847.546717
25 1346.596976 2706.466033
26 3697.903244 3259.676256
27 3214.076633 1791.219754
28 4844.457390 661.118904
29 3330.667192 2847.603657
30 1844.227169 3244.015979
31 1185.645322 2130.881509
32 1310.183749 1513.043296
33 4076.521772 1219.049294
34 1300.399128 3023.479381
35 3300.685192 2247.417925
36 3609.808600 2512.775243
37 5059.404148 2166.210169
38 3271.666787 2301.971447
39 2455.923365 3169.026331
40 3051.731375 1677.052916
41 4182.808028 1150.265467
42 3614.091425 2668.388487
43 2551.907147 511.897165
44 3984.488537 2693.500466
45 3793.134422 2309.563340
46 3211.605876 2625.208651
47 3699.519427 1505.898219
48 726.601157 1151.302242
49 1778.760042 2900.597706
50 715.199207 1669.186069
51 3383.869304 2263.076338
52 4982.538162 299.900034
53 3446.152684 1240.595283
54 2512.343014 492.433140
55 3030.012228 1717.148570
56 3499.856221 1391.037776
57 1423.603540 2146.583069
58 2135.050685 2188.888102
59 4229.130716 1650.000699
60 4030.231194 1923.872437
61 1974.978573 3455.344937
62 905.175080 2914.236731
63 3827.184358 461.681301
64 2567.080428 3603.462576
65 3054.692323 2181.533707
66 2606.873186 1177.980853
67 3502.965344 639.284562
68 4214.857246 1760.837300
69 2912.344505 717.752851
70 2593.615420 1562.019020
71 3471.640333 2352.476065
72 4412.661770 1663.212222
73 2370.059154 1279.485749
74 3408.503988 919.343893
75 385.623456 3194.354331
76 1047.628664 1403.279099
77 4812.801411 1681.921543
78 4947.734183 1731.423180
79 3177.773855 1353.111896

0 1280.082951 2155.052622
1 1673.271500 2042.014512
2 2680.287636 1299.805693
3 3780.879501 1902.339547
4 4667.204674 2774.431841
5 2371.148239 3807.598487
6 2308.606791 2412.191982
7 996.996632 2379.549575
8 2209.538647 3479.302326
9 1685.509358 3049.267147
10 245.179755 1866.937919
11 1623.265791 1004.446499
12 2351.283442 1904.429924
13 3135.036315 1251.982331
14 3454.330485 1469.505679
15 4090.605980 1818.592450
16 1792.645379 724.438944
17 2391.976062 2482.901877
18 2915.360398 2276.459295
19 3248.800925 1631.195185
20 3568.309970 2307.238713
21 2005.070336 1749.494696
22 5047.595167 1500.293008
23 4971.747492 900.840477
24 1129.641402 1847.546763
25 1346.597057 2706.465936
26 3697.903290 3259.676385
27 3214.076635 1791.219733
28 4844.457510 661.118796
29 3330.667241 2847.603735
30 1844.227029 3244.016030
31 1185.645392 2130.881509
32 1310.183693 1513.043273
33 4076.521873 1219.049223
34 1300.399068 3023.479411
35 3300.685483 2247.417853
36 3609.808554 2512.775298
37 5059.404271 2166.210215
38 3271.666724 2301.971562
39 2455.923294 3169.026513
40 3051.731541 1677.052870
41 4182.808324 1150.265363
42 3614.091637 2668.388591
43 2551.907228 511.897090
44 3984.488502 2693.500597
45 3793.134507 2309.563285
46 3211.605895 2625.208677
47 3699.519592 1505.898139
48 726.600934 1151.302274
49 1778.759990 2900.597914
50 715.199151 1669.185948
51 3383.869228 2263.076377
52 4982.538383 299.899827
53 3446.152918 1240.595221
54 2512.343038 492.433103
55 3030.012280 1717.148520
56 3499.856332 1391.037608
57 1423.603431 2146.582997
58 2135.050475 2188.888122
59 4229.130750 1650.000539
60 4030.231296 1923.872291
61 1974.978518 3455.345006
62 905.175026 2914.236795
63 3827.184412 461.681289
64 2567.080342 3603.462761
65 3054.692228 2181.533783
66 2606.873082 1177.980899
67 3502.965291 639.284344
68 4214.857204 1760.837340
69 2912.344365 717.752652
70 2593.615573 1562.019072
71 3471.640216 2352.476192
72 4412.661954 1663.212221
73 2370.059109 1279.485652
74 3408.503907 919.343726
75 385.623347 3194.354386
76 1047.628609 1403.278890
77 4812.801673 1681.921522
78 4947.734403 1731.423144
79 3177.773931 1353.111783

0 1280.082899 2155.052638
1 1673.271493 2042.014497
2 2680.287627 1299.805670
3 3780.879480 1902.339561
4 4667.204685 2774.431862
5 2371.148202 3807.598518
6 2308.606758 2412.191963
7 996.996576 2379.549598
8 2209.538658 3479.302348
9 1685.509348 3049.267168
10 245.179653 1866.937905
11 1623.265803 1004.446493
12 2351.283424 1904.429984
13 3135.036286 1251.982307
14 3454.330493 1469.505653
15 4090.606016 1818.592516
16 1792.645348 724.438913
17 2391.976012 2482.901956
18 2915.360401 2276.459282
19 3248.800910 1631.195146
20 3568.310029 2307.238718
21 2005.070368 1749.494676
22 5047.595199 1500.292987
23 4971.747583 900.840441
24 1129.641363 1847.546781
25 1346.597086 2706.465901
26 3697.903307 3259.676432
27 3214.076635 1791.219725
28 4844.457554 661.118756
29 3330.667259 2847.603764
30 1844.226978 3244.016049
31 1185.645417 2130.881509
32 1310.183672 1513.043265
33 4076.521910 1219.049197
34 1300.399046 3023.479422
35 3300.685590 2247.417826
36 3609.808536 2512.775319
37 5059.404317 2166.210231
38 3271.666701 2301.971604
39 2455.923267 3169.026580
40 3051.731602 1677.052853
41 4182.808432 1150.265325
42 3614.091714 2668.388630
43 2551.907257 511.897063
44 3984.488490 2693.500645
45 3793.134538 2309.563265
46 3211.605902 2625.208686
47 3699.519653 1505.898110
48 726.600852 1151.302286
49 1778.759971 2900.597991
50 715.199130 1669.185904
51 3383.869200 2263.076392
52 4982.538463 299.899752
53 3446.153003 1240.595198
54 2512.343047 492.433089
55 3030.012300 1717.148501
56 3499.856373 1391.037546
57 1423.603390 2146.582971
58 2135.050398 2188.888130
59 4229.130763 1650.000481
60 4030.231333 1923.872237
61 1974.978497 3455.345032
62 905.175006 2914.236818
63 3827.184432 461.681284
64 2567.080310 3603.462829
65 3054.692193 2181.533812
66 2606.873044 1177.980916
67 3502.965272 639.284263
68 4214.857189 1760.837354
69 2912.344313 717.752579
70 2593.615629 1562.019091
71 3471.640173 2352.476238
72 4412.662021 1663.212221
73 2370.059092 1279.485616
74 3408.503878 919.343664
75 385.623306 3194.354407
76 1047.628588 1403.278813
77 4812.801768 1681.921515
78 4947.734483 1731.423131
79 3177.773959 1353.111742

0 1280.082883 2155.052643
1 1673.271491 2042.014493
2 2680.287624 1299.805664
3 3780.879474 1902.339565
4 4667.204688 2774.431868
5 2371.148191 3807.598528
6 2308.606748 2412.191957
7 996.996558 2379.549605
8 2209.538661 3479.302355
9 1685.509345 3049.267174
10 245.179621 1866.937900
11 1623.265807 1004.446491
12 2351.283419 1904.430003
13 3135.036277 1251.982299
14 3454.330495 1469.505644
15 4090.606028 1818.592536
16 1792.645338 724.438903
17 2391.975996 2482.901980
18 2915.360402 2276.459278
19 3248.800906 1631.195134
20 3568.310047 2307.238719
21 2005.070377 1749.494669
22 5047.595209 1500.292981
23 4971.747611 900.840429
24 1129.641351 1847.546786
25 1346.597095 2706.465890
26 3697.903312 3259.676447
27 3214.076635 1791.219723
28 4844.457568 661.118744
29 3330.667265 2847.603773
30 1844.226962 3244.016055
31 1185.645425 2130.881509
32 1310.183666 1513.043263
33 4076.521922 1219.049189
34 1300.399039 3023.479425
35 3300.685622 2247.417818
36 3609.808531 2512.775325
37 5059.404331 2166.210236
38 3271.666694 2301.971617
39 2455.923259 3169.026601
40 3051.731621 1677.052848
41 4182.808465 1150.265313
42 3614.091738 2668.388642
43 2551.907266 511.897054
44 3984.488486 2693.500660
45 3793.134547 2309.563259
46 3211.605904 2625.208689
47 3699.519672 1505.898101
48 726.600827 1151.302289
49 1778.759965 2900.598014
50 715.199123 1669.185890
51 3383.869192 2263.076396
52 4982.538488 299.899729
53 3446.153030 1240.595191
54 2512.343050 492.433085
55 3030.012306 1717.148496
56 3499.856386 1391.037527
57 1423.603378 2146.582963
58 2135.050374 2188.888132
59 4229.130767 1650.000463
60 4030.231345 1923.872221
61 1974.978490 3455.345040
62 905.175000 2914.236825
63 3827.184438 461.681283
64 2567.080300 3603.462850
65 3054.692182 2181.533820
66 2606.873033 1177.980921
67 3502.965267 639.284238
68 4214.857184 1760.837359
69 2912.344297 717.752556
70 2593.615647 1562.019097
71 3471.640160 2352.476252
72 4412.662042 1663.212221
73 2370.059087 1279.485605
74 3408.503869 919.343645
75 385.623294 3194.354413
76 1047.628582 1403.278789
77 4812.801798 1681.921513
78 4947.734508 1731.423127
79 3177.773967 1353.111729

0 1280.082876 2155.052646
1 1673.271490 2042.014491
2 2680.287622 1299.805661
3 3780.879471 1902.339567
4 4667.204689 2774.431871
5 2371.148187 3807.598532
6 2308.606743 2412.191955
7 996.996551 2379.549608
8 2209.538662 3479.302358
9 1685.509344 3049.267177
10 245.179608 1866.937899
11 1623.265808 1004.446490
12 2351.283417 1904.430010
13 3135.036273 1251.982296
14 3454.330496 1469.505641
15 4090.606032 1818.592544
16 1792.645335 724.438899
17 2391.975990 2482.901990
18 2915.360403 2276.459276
19 3248.800904 1631.195129
20 3568.310054 2307.238720
21 2005.070381 1749.494667
22 5047.595213 1500.292978
23 4971.747622 900.840425
24 1129.641346 1847.546788
25 1346.597099 2706.465885
26 3697.903315 3259.676453
27 3214.076635 1791.219722
28 4844.457574 661.118739
29 3330.667267 2847.603777
30 1844.226955 3244.016058
31 1185.645428 2130.881509
32 1310.183663 1513.043262
33 4076.521926 1219.049186
34 1300.399036 3023.479427
35 3300.685636 2247.417815
36 3609.808529 2512.775328
37 5059.404336 2166.210239
38 3271.666691 2301.971622
39 2455.923256 3169.026609
40 3051.731628 1677.052846
41 4182.808479 1150.265309
42 3614.091747 2668.388647
43 2551.907270 511.897051
44 3984.488485 2693.500666
45 3793.134551 2309.563256
46 3211.605905 2625.208690
47 3699.519679 1505.898098
48 726.600816 1151.302291
49 1778.759962 2900.598024
50 715.199121 1669.185885
51 3383.869189 2263.076398
52 4982.538498 299.899719
53 3446.153040 1240.595188
54 2512.343051 492.433083
55 3030.012308 1717.148493
56 3499.856391 1391.037519
57 1423.603373 2146.582959
58 2135.050364 2188.888133
59 4229.130768 1650.000456
60 4030.231350 1923.872214
61 1974.978488 3455.345043
62 905.174997 2914.236828
63 3827.184441 461.681282
64 2567.080296 3603.462859
65 3054.692178 2181.533824
66 2606.873028 1177.980923
67 3502.965264 639.284228
68 4214.857182 1760.837361
69 2912.344290 717.752547
70 2593.615654 1562.019100
71 3471.640155 2352.476258
72 4412.662050 1663.212221
73 2370.059085 1279.485601
74 3408.503865 919.343638
75 385.623289 3194.354416
76 1047.628579 1403.278780
77 4812.801810 1681.921512
78 4947.734518 1731.423125
79 3177.773971 1353.111724

0 1280.082872 2155.052647
1 1673.271490 2042.014491
2 2680.287622 1299.805659
3 3780.879470 1902.339568
4 4667.204691 2774.431872
5 2371.148183 3807.598536
6 2308.606739 2412.191953
7 996.996544 2379.549608
8 2209.538663 3479.302360
9 1685.509345 3049.267179
10 245.179598 1866.937897
11 1623.265808 1004.446490
12 2351.283415 1904.430015
13 3135.036272 1251.982293
14 3454.330498 1469.505640
15 4090.606036 1818.592550
16 1792.645332 724.438897
17 2391.975985 2482.901996
18 2915.360404 2276.459275
19 3248.800902 1631.195125
20 3568.310058 2307.238720
21 2005.070385 1749.494664
22 5047.595217 1500.292976
23 4971.747628 900.840421
24 1129.641343 1847.546789
25 1346.597102 2706.465883
26 3697.903316 3259.676455
27 3214.076634 1791.219721
28 4844.457577 661.118736
29 3330.667271 2847.603780
30 1844.226950 3244.016059
31 1185.645428 2130.881509
32 1310.183660 1513.043261
33 4076.521931 1219.049184
34 1300.399033 3023.479428
35 3300.685644 2247.417813
36 3609.808528 2512.775330
37 5059.404341 2166.210240
38 3271.666690 2301.971625
39 2455.923254 3169.026616
40 3051.731633 1677.052845
41 4182.808487 1150.265306
42 3614.091752 2668.388651
43 2551.907272 511.897048
44 3984.488484 2693.500671
45 3793.134554 2309.563254
46 3211.605906 2625.208690
47 3699.519685 1505.898095
48 726.600808 1151.302293
49 1778.759958 2900.598030
50 715.199117 1669.185880
51 3383.869186 2263.076399
52 4982.538507 299.899713
53 3446.153048 1240.595185
54 2512.343051 492.433081
55 3030.012308 1717.148492
56 3499.856396 1391.037513
57 1423.603370 2146.582956
58 2135.050358 2188.888133
59 4229.130768 1650.000452
60 4030.231353 1923.872210
61 1974.978485 3455.345047
62 905.174996 2914.236832
63 3827.184441 461.681282
64 2567.080293 3603.462864
65 3054.692175 2181.533826
66 2606.873025 1177.980923
67 3502.965262 639.284221
68 4214.857182 1760.837362
69 2912.344286 717.752540
70 2593.615657 1562.019100
71 3471.640152 2352.476262
72 4412.662055 1663.212221
73 2370.059082 1279.485597
74 3408.503862 919.343631
75 385.623283 3194.354418
76 1047.628577 1403.278772
77 4812.801817 1681.921512
78 4947.734526 1731.423124
79 3177.773973 1353.111719

0 1280.082872 2155.052647
1 1673.271490 2042.014491
2 2680.287622 1299.805659
3 3780.879470 1902.339568
4 4667.204691 2774.431872
5 2371.148183 3807.598535
6 2308.606739 2412.191953
7 996.996544 2379.549608
8 2209.538663 3479.302360
9 1685.509345 3049.267179
10 245.179598 1866.937897
11 1623.265808 1004.446490
12 2351.283415 1904.430015
13 3135.036272 1251.982294
14 3454.330498 1469.505640
15 4090.606036 1818.592550
16 1792.645332 724.438897
17 2391.975985 2482.901996
18 2915.360404 2276.459275
19 3248.800902 1631.195125
20 3568.310058 2307.238720
21 2005.070385 1749.494664
22 5047.595217 1500.292976
23 4971.747628 900.840421
24 1129.641343 1847.546789
25 1346.597102 2706.465883
26 3697.903316 3259.676455
27 3214.076634 1791.219721
28 4844.457577 661.118736
29 3330.667271 2847.603780
30 1844.226950 3244.016059
31 1185.645428 2130.881509
32 1310.183660 1513.043261
33 4076.521931 1219.049184
34 1300.399033 3023.479428
35 3300.685644 2247.417813
36 3609.808528 2512.775330
37 5059.404341 2166.210240
38 3271.666690 2301.971625
39 2455.923254 3169.026616
40 3051.731633 1677.052845
41 4182.808487 1150.265306
42 3614.091752 2668.388651
43 2551.907272 511.897048
44 3984.488484 2693.500671
45 3793.134554 2309.563254
46 3211.605906 2625.208690
47 3699.519684 1505.898095
48 726.600808 1151.302293
49 1778.759958 2900.598030
50 715.199117 1669.185880
51 3383.869186 2263.076399
52 4982.538507 299.899713
53 3446.153048 1240.595185
54 2512.343051 492.433081
55 3030.012308 1717.148492
56 3499.856396 1391.037513
57 1423.603370 2146.582956
58 2135.050358 2188.888133
59 4229.130768 1650.000452
60 4030.231353 1923.872210
61 1974.978485 3455.345047
62 905.174996 2914.236831
63 3827.184441 461.681282
64 2567.080293 3603.462864
65 3054.692175 2181.533826
66 2606.873025 1177.980923
67 3502.965262 639.284221
68 4214.857182 1760.837362
69 2912.344286 717.752540
70 2593.615657 1562.019100
71 3471.640152 2352.476262
72 4412.662055 1663.212221
73 2370.059082 1279.485597
74 3408.503862 919.343631
75 385.623283 3194.354418
76 1047.628577 1403.278772
77 4812.801817 1681.921512
78 4947.734526 1731.423124
79 3177.773973 1353.111719

0 1280.085102 2155.051589
1 1673.275250 2042.012210
2 2680.290158 1299.808280
3 3780.881625 1902.337249
4 4667.200273 2774.431223
5 2371.145742 3807.597958
6 2308.606060 2412.194421
7 997.003593 2379.549672
8 2209.540902 3479.300824
9 1685.512275 3049.266874
10 245.179276 1866.940456
11 1623.271095 1004.447397
12 2351.290903 1904.425720
13 3135.039131 1251.981071
14 3454.329800 1469.507132
15 4090.597916 1818.593112
16 1792.643488 724.437935
17 2391.977349 2482.899897
18 2915.354499 2276.462225
19 3248.803730 1631.195305
20 3568.309585 2307.238244
21 2005.066425 1749.496776
22 5047.590261 1500.295744
23 4971.742090 900.842480
24 1129.644697 1847.545580
25 1346.593390 2706.467514
26 3697.900826 3259.673105
27 3214.080855 1791.219819
28 4844.458070 661.124253
29 3330.666277 2847.602979
30 1844.231407 3244.014278
31 1185.648677 2130.877979
32 1310.189625 1513.041392
33 4076.518354 1219.052744
34 1300.404363 3023.473236
35 3300.683344 2247.420223
36 3609.810495 2512.772306
37 5059.405316 2166.204824
38 3271.668128 2301.969541
39 2455.929556 3169.025502
40 3051.731969 1677.049285
41 4182.800791 1150.270333
42 3614.085598 2668.385082
43 2551.908863 511.902208
44 3984.482672 2693.499874
45 3793.129225 2309.565984
46 3211.607881 2625.204551
47 3699.517293 1505.898451
48 726.606020 1151.301752
49 1778.764263 2900.594949
50 715.203058 1669.185910
51 3383.868896 2263.076730
52 4982.537789 299.905217
53 3446.148797 1240.598533
54 2512.341305 492.438926
55 3030.011823 1717.149459
56 3499.850986 1391.043936
57 1423.609416 2146.587075
58 2135.050048 2188.887493
59 4229.127237 1649.999347
60 4030.230593 1923.874192
61 1974.983969 3455.341665
62 905.180190 2914.234672
63 3827.184321 461.684621
64 2567.079838 3603.461775
65 3054.696455 2181.531094
66 2606.874283 1177.979405
67 3502.962379 639.290383
68 4214.858913 1760.837115
69 2912.350888 717.752416
70 2593.613755 1562.016041
71 3471.639822 2352.476184
72 4412.658881 1663.213551
73 2370.059126 1279.485909
74 3408.501472 919.347275
75 385.623301 3194.355389
76 1047.630479 1403.280184
77 4812.793909 1681.926183
78 4947.731951 1731.426763
79 3177.774734 1353.115768

0 1280.084848 2155.051709
1 1673.274822 2042.012470
2 2680.289869 1299.807982
3 3780.881380 1902.337513
4 4667.200776 2774.431297
5 2371.146020 3807.598024
6 2308.606137 2412.194140
7 997.002791 2379.549665
8 2209.540647 3479.300999
9 1685.511941 3049.266908
10 245.179312 1866.940165
11 1623.270494 1004.447294
12 2351.290051 1904.426209
13 3135.038806 1251.981210
14 3454.329879 1469.506962
15 4090.598840 1818.593048
16 1792.643698 724.438044
17 2391.977194 2482.900136
18 2915.355171 2276.461889
19 3248.803408 1631.195285
20 3568.309639 2307.238298
21 2005.066876 1749.496536
22 5047.590825 1500.295429
23 4971.742720 900.842245
24 1129.644316 1847.545718
25 1346.593812 2706.467328
26 3697.901109 3259.673486
27 3214.080375 1791.219807
28 4844.458014 661.123625
29 3330.666390 2847.603070
30 1844.230900 3244.014481
31 1185.648307 2130.878381
32 1310.188946 1513.041605
33 4076.518761 1219.052339
34 1300.403757 3023.473941
35 3300.683605 2247.419948
36 3609.810272 2512.772650
37 5059.405205 2166.205440
38 3271.667965 2301.969778
39 2455.928839 3169.025629
40 3051.731930 1677.049690
41 4182.801667 1150.269761
42 3614.086299 2668.385488
43 2551.908682 511.901621
44 3984.483333 2693.499964
45 3793.129831 2309.565673
46 3211.607657 2625.205022
47 3699.517565 1505.898410
48 726.605426 1151.301814
49 1778.763773 2900.595300
50 715.202609 1669.185906
51 3383.868929 2263.076692
52 4982.537871 299.904591
53 3446.149280 1240.598152
54 2512.341504 492.438261
55 3030.011878 1717.149349
56 3499.851601 1391.043205
57 1423.608728 2146.586606
58 2135.050083 2188.887565
59 4229.127639 1649.999473
60 4030.230679 1923.873966
61 1974.983345 3455.342050
62 905.179599 2914.234918
63 3827.184335 461.684241
64 2567.079890 3603.461899
65 3054.695968 2181.531405
66 2606.874140 1177.979578
67 3502.962707 639.289682
68 4214.858716 1760.837143
69 2912.350137 717.752430
70 2593.613971 1562.016389
71 3471.639859 2352.476193
72 4412.659242 1663.213400
73 2370.059121 1279.485874
74 3408.501744 919.346860
75 385.623299 3194.355279
76 1047.630262 1403.280023
77 4812.794809 1681.925651
78 4947.732244 1731.426349
79 3177.774648 1353.115307

0 1279.903411 2155.107360
1 1672.949967 2041.937679
2 2680.119922 1299.902876
3 3781.093470 1902.597679
4 4667.965429 2774.269872
5 2370.590362 3808.075202
6 2308.002886 2411.960104
7 996.237739 2379.450639
8 2209.603648 3479.233260
9 1685.165583 3049.451332
10 244.473762 1866.777593
11 1622.930874 1004.363207
12 2350.999561 1904.862296
13 3135.305582 1251.996348
14 3455.066902 1469.252682
15 4091.407541 1818.843737
16 1792.146850 724.456283
17 2391.886974 2483.419500
18 2915.347511 2276.652912
19 3248.685593 1631.178876
20 3568.554305 2307.143535
21 2005.175645 1749.515000
22 5047.745219 1500.100592
23 4972.423445 900.924343
24 1128.879036 1847.196759
25 1346.812987 2706.791063
26 3698.458314 3259.807724
27 3214.363962 1790.959598
28 4844.662878 660.918817
29 3330.645767 2847.721283
30 1844.189711 3244.151061
31 1185.154707 2130.774881
32 1310.203063 1513.115275
33 4077.414315 1218.703815
34 1300.022978 3023.881223
35 3301.474753 2247.074353
36 3609.996840 2512.810552
37 5059.568079 2166.411741
38 3271.746109 2302.319331
39 2455.756546 3169.391182
40 3052.253949 1677.454167
41 4183.439047 1150.074121
42 3614.600363 2668.474366
43 2552.194221 511.787759
44 3984.260693 2694.007286
45 3793.156687 2309.329010
46 3212.002854 2625.519845
47 3699.844219 1505.891440
48 725.959685 1151.154807
49 1778.555100 2900.613422
50 715.400431 1668.581113
51 3384.405360 2263.218473
52 4982.720104 299.870284
53 3446.101699 1240.488462
54 2512.677056 491.862133
55 3029.894229 1717.230755
56 3499.932588 1390.552239
57 1423.575081 2146.501940
58 2134.488442 2189.049493
59 4229.391465 1649.944908
60 4030.400575 1923.935250
61 1974.165412 3455.582174
62 904.453909 2914.499168
63 3827.695392 461.489071
64 2566.589143 3603.864456
65 3054.245010 2181.605307
66 2606.504549 1177.700113
67 3503.224782 639.184489
68 4214.820895 1760.709089
69 2912.081428 717.554948
70 2593.757536 1561.897586
71 3471.596971 2352.625394
72 4412.965048 1663.434028
73 2369.474645 1278.942704
74 3408.068584 918.870407
75 385.101648 3194.338017
76 1047.213298 1403.197780
77 4813.196260 1681.629765
78 4947.738921 1731.066754
79 3177.865499 1352.905972

0 1279.861311 2155.120271
1 1672.874588 2041.920306
2 2680.080491 1299.924916
3 3781.142709 1902.658051
4 4668.142884 2774.232401
5 2370.461377 3808.185955
6 2307.862864 2411.905797
7 996.060206 2379.427654
8 2209.618283 3479.217528
9 1685.085208 3049.494136
10 244.309998 1866.739874
11 1622.852077 1004.343696
12 2350.932179 1904.963489
13 3135.367519 1251.999855
14 3455.237966 1469.193671
15 4091.595199 1818.901927
16 1792.031519 724.460510
17 2391.866042 2483.540036
18 2915.345700 2276.697266
19 3248.658263 1631.175069
20 3568.611091 2307.121538
21 2005.200868 1749.519297
22 5047.781026 1500.055384
23 4972.581414 900.943409
24 1128.701430 1847.115756
25 1346.863838 2706.866213
26 3698.587630 3259.838862
27 3214.429808 1790.899203
28 4844.710431 660.871311
29 3330.640975 2847.748716
30 1844.180176 3244.182752
31 1185.040158 2130.750838
32 1310.206374 1513.132364
33 4077.622158 1218.622941
34 1299.934627 3023.975721
35 3301.658369 2246.994152
36 3610.040155 2512.819332
37 5059.605888 2166.459595
38 3271.764255 2302.400452
39 2455.716591 3169.476023
40 3052.375115 1677.548028
41 4183.586944 1150.028740
42 3614.719646 2668.494975
43 2552.260505 511.761360
44 3984.208983 2694.125034
45 3793.162890 2309.274094
46 3212.094592 2625.592894
47 3699.920024 1505.889825
48 725.809834 1151.120683
49 1778.506691 2900.617611
50 715.446369 1668.440737
51 3384.529867 2263.251383
52 4982.762397 299.862352
53 3446.090631 1240.463022
54 2512.754930 491.728444
55 3029.866920 1717.249655
56 3499.951354 1390.438320
57 1423.567305 2146.482312
58 2134.358080 2189.087074
59 4229.452680 1649.932236
60 4030.440005 1923.949486
61 1973.975596 3455.637889
62 904.285502 2914.560490
63 3827.814011 461.443790
64 2566.475236 3603.957885
65 3054.140364 2181.622444
66 2606.418772 1177.635239
67 3503.285595 639.160107
68 4214.812126 1760.679365
69 2912.019096 717.509111
70 2593.790848 1561.869994
71 3471.587014 2352.660024
72 4413.036010 1663.485244
73 2369.338986 1278.816632
74 3407.968031 918.759840
75 384.980570 3194.334015
76 1047.116529 1403.178698
77 4813.289394 1681.561115
78 4947.740456 1730.983310
79 3177.886590 1352.857407

0 1279.838645 2155.127222
1 1672.834005 2041.910954
2 2680.059262 1299.936782
3 3781.169219 1902.690555
4 4668.238422 2774.212227
5 2370.391935 3808.245582
6 2307.787479 2411.876559
7 995.964626 2379.415280
8 2209.626163 3479.209059
9 1685.041936 3049.517181
10 244.221831 1866.719566
11 1622.809654 1004.333191
12 2350.895901 1905.017970
13 3135.400864 1252.001743
14 3455.330063 1469.161900
15 4091.696231 1818.933255
16 1791.969427 724.462786
17 2391.854772 2483.604930
18 2915.344725 2276.721145
19 3248.643549 1631.173019
20 3568.641663 2307.109695
21 2005.214448 1749.521611
22 5047.800305 1500.031046
23 4972.666461 900.953675
24 1128.605810 1847.072147
25 1346.891215 2706.906672
26 3698.657251 3259.855627
27 3214.465257 1790.866687
28 4844.736032 660.845734
29 3330.638395 2847.763486
30 1844.175042 3244.199814
31 1184.978487 2130.737894
32 1310.208156 1513.141564
33 4077.734056 1218.579400
34 1299.887061 3024.026597
35 3301.757225 2246.950973
36 3610.063475 2512.824060
37 5059.626244 2166.485358
38 3271.774024 2302.444127
39 2455.695081 3169.521699
40 3052.440348 1677.598561
41 4183.666568 1150.004308
42 3614.783865 2668.506070
43 2552.296191 511.747147
44 3984.181145 2694.188426
45 3793.166230 2309.244529
46 3212.143982 2625.632222
47 3699.960835 1505.888955
48 725.729158 1151.102311
49 1778.480628 2900.619866
50 715.471101 1668.365162
51 3384.596899 2263.269101
52 4982.785167 299.858082
53 3446.084673 1240.449325
54 2512.796855 491.656468
55 3029.852217 1717.259830
56 3499.961458 1390.376987
57 1423.563118 2146.471744
58 2134.287897 2189.107307
59 4229.485638 1649.925415
60 4030.461233 1923.957150
61 1973.873403 3455.667885
62 904.194835 2914.593504
63 3827.877873 461.419411
64 2566.413910 3604.008186
65 3054.084025 2181.631671
66 2606.372591 1177.600313
67 3503.318336 639.146981
68 4214.807405 1760.663363
69 2911.985538 717.484433
70 2593.808782 1561.855139
71 3471.581654 2352.678668
72 4413.074214 1663.512818
73 2369.265949 1278.748758
74 3407.913896 918.700313
75 384.915384 3194.331861
76 1047.064430 1403.168425
77 4813.339536 1681.524154
78 4947.741283 1730.938386
79 3177.897946 1352.831260

0 1279.783140 2155.144246
1 1672.734625 2041.888068
2 2680.007272 1299.965818
3 3781.234109 1902.770146
4 4668.472353 2774.162840
5 2370.221933 3808.391569
6 2307.602919 2411.804962
7 995.730577 2379.384984
8 2209.645441 3479.188333
9 1684.935975 3049.573604
10 244.005974 1866.669833
11 1622.705759 1004.307467
12 2350.807041 1905.151380
13 3135.482486 1252.006372
14 3455.555547 1469.084108
15 4091.943632 1819.009952
16 1791.817418 724.468365
17 2391.827172 2483.763821
18 2915.342372 2276.779591
19 3248.607509 1631.167999
20 3568.716516 2307.080702
21 2005.247718 1749.527263
22 5047.847532 1499.971441
23 4972.874714 900.978795
24 1128.371685 1846.965384
25 1346.958264 2707.005718
26 3698.827718 3259.896690
27 3214.552025 1790.787079
28 4844.798709 660.783084
29 3330.632084 2847.799650
30 1844.162448 3244.241596
31 1184.827479 2130.706224
32 1310.212484 1513.164100
33 4078.008036 1218.472778
34 1299.770574 3024.151191
35 3301.999265 2246.845246
36 3610.120557 2512.835651
37 5059.676075 2166.548465
38 3271.797934 2302.551066
39 2455.642379 3169.633535
40 3052.600055 1677.722301
41 4183.861556 1149.944462
42 3614.941128 2668.533256
43 2552.383551 511.712321
44 3984.113021 2694.343635
45 3793.174437 2309.172128
46 3212.264892 2625.728533
47 3700.060768 1505.886823
48 725.531607 1151.057335
49 1778.416793 2900.625406
50 715.531629 1668.180131
51 3384.761014 2263.312478
52 4982.840918 299.847595
53 3446.070109 1240.415772
54 2512.899512 491.480216
55 3029.816223 1717.284737
56 3499.986226 1390.226792
57 1423.552834 2146.445848
58 2134.116068 2189.156846
59 4229.566347 1649.908719
60 4030.513209 1923.975902
61 1973.623173 3455.741343
62 903.972825 2914.674345
63 3828.034226 461.359706
64 2566.263770 3604.131343
65 3053.946065 2181.654276
66 2606.259520 1177.514811
67 3503.398510 639.114808
68 4214.795836 1760.624185
69 2911.903340 717.424015
70 2593.852701 1561.818787
71 3471.568532 2352.724315
72 4413.167767 1663.580319
73 2369.087135 1278.582581
74 3407.781371 918.554552
75 384.755790 3194.326582
76 1046.936867 1403.143266
77 4813.462344 1681.433638
78 4947.743321 1730.828377
79 3177.925742 1352.767223

