15.956586
14.502222
16.249981
15.316980
16.547855
15.042063
15.536703
16.551015
16.737070
15.904831

16.100999
14.502222
16.616096
15.994355
16.986072
16.266808
16.541274
16.365295
17.774464
19.440094

16.220855
14.502222
16.927834
16.104490
17.578062
15.784395
17.173858
17.362412
16.305076
15.795001

16.322594
14.502222
17.199854
16.339326
17.711221
15.754441
17.491775
17.905012
14.437560
100.000000

16.349552
14.500569
17.378380
16.491826
17.686270
15.789874
17.543827
18.016065
14.437560
14.486274

16.361131
14.499781
17.473809
16.571979
17.653045
15.815792
17.554674
18.074337
14.437560
14.439920

16.368862
14.496361
17.523542
16.616506
17.635719
15.832277
17.556214
18.100035
14.437560
14.437946

16.370635
14.492030
17.547830
18.909544
17.628167
15.840630
17.553104
18.113391
14.437560
14.437607

16.371875
14.487952
17.559352
21.131326
17.623987
19.436580
16.953919
23.358652
14.437560
14.437631

16.372464
14.483220
17.564990
18.946850
17.621980
22.333299
23.104926
19.977267
14.437560
14.437593

16.372743
14.479125
17.568027
17.818678
17.621012
19.966573
19.370229
18.808931
14.437560
14.437593

16.372975
14.477502
17.569394
17.657591
17.619988
17.141109
17.746962
16.866863
14.437560
14.437560

16.373159
14.474764
17.570415
16.949270
17.619727
21.853184
17.014518
23.037531
14.437560
14.437560

16.373256
14.472470
17.570850
16.969638
17.619550
20.628833
17.031778
20.751892
14.437560
14.437560

16.373211
14.471236
17.570989
16.856395
17.619476
18.478613
17.272695
19.068420
14.437560
14.437560

16.373203
14.470509
17.571059
16.767811
17.619421
17.324376
17.463460
18.548906
14.437560
14.437560

