14.915098
14.915098
14.915098
14.915098
14.915098
14.915098
14.915098
14.915098
14.915098
14.915098
14.915098
14.915098
14.915098
14.915098
14.915098
14.915098
14.915098
14.915098
14.915098
14.915098
14.915098
14.915098
14.915098
14.915098
14.915098
14.915098
14.915098
14.915098
14.915098
14.915098
14.915098
14.915098
14.915098
14.915098
14.915098
14.915098
14.915098
14.915098
14.915098
14.915098
14.915098
14.915098
14.915098
14.915098
14.915098
14.915098
14.915098
14.915098
14.915098
14.915098
14.915098
14.915098
14.915098
14.915098
14.915098
14.915098
14.915098
14.915098
14.915098
14.915098
14.915098
14.915098
14.915098
