15.725959
15.721016
16.307190
15.754851
15.628084
16.403770
15.688950
16.363414
16.770085
16.625320
16.029916
15.408381
15.831837
16.204002
17.029631
16.040827
16.063558
15.953872
15.154804
16.046840
14.827899
16.415325
16.329489
15.655963
14.544926
16.937668
15.273963
15.278684
15.753207
16.057608

21.386718
19.758179
21.400185
22.040632
20.389372
22.480877
18.762628
18.020080
100.000000
16.978037
18.715103
100.000000
16.993622
100.000000
17.852341
20.154816
22.298208
18.449222
100.000000
16.530082
19.417497
100.000000
18.033917
100.000000
14.544926
21.546281
100.000000
19.165668
100.000000
17.437034

21.330609
20.124652
21.320177
22.371048
20.708067
22.545424
19.042167
21.446000
20.750551
100.000000
100.000000
18.628341
100.000000
15.315592
16.691488
17.080116
22.162704
100.000000
16.708189
18.539122
17.127785
100.000000
100.000000
100.000000
14.544926
16.001523
100.000000
19.212374
100.000000
100.000000

21.329192
20.119515
21.321731
22.365656
20.705771
22.480974
19.040169
21.328255
19.617565
100.000000
16.109813
18.594517
100.000000
14.696471
100.000000
16.856777
21.860317
100.000000
17.392478
16.343816
17.466851
20.767706
18.815820
18.092641
14.544926
100.000000
22.386910
19.164916
18.629759
18.340351

21.329134
20.119584
21.321728
21.395186
20.705821
22.489581
19.040198
21.329663
22.669292
20.906489
18.504938
18.083719
100.000000
14.559575
16.540543
20.201104
22.173350
100.000000
18.821010
100.000000
17.201386
100.000000
17.067522
18.647658
14.544926
15.885634
18.392968
18.965035
100.000000
17.461907

21.329139
20.119583
21.321728
22.363817
20.705821
22.489231
19.040198
21.329648
22.206924
20.961495
20.918716
17.283742
18.544958
14.541929
16.507878
19.910266
22.151462
18.364785
17.604293
20.326216
19.827818
20.809450
100.000000
16.469635
14.544926
15.748740
17.250143
20.767255
100.000000
18.412725

21.327865
20.116032
21.322002
22.361886
20.702916
22.487984
19.037925
21.325509
22.775036
20.669509
19.563835
20.787308
19.784853
14.541929
15.151211
20.020103
22.074214
100.000000
18.701558
18.456613
16.512109
100.000000
18.608490
17.863281
14.540848
16.232063
18.983226
18.310664
18.205772
18.218970

21.327326
20.114669
21.322305
22.360178
20.702664
22.487700
19.037944
21.323882
22.590648
20.882677
20.963991
19.678188
100.000000
14.541266
100.000000
16.075872
21.792834
100.000000
100.000000
20.277853
100.000000
15.662768
19.950173
17.116178
14.540848
100.000000
17.288230
17.262090
18.141953
17.621593

21.327333
20.114687
21.322280
22.360204
20.702685
22.487704
19.037891
21.323902
22.014585
20.822768
21.244877
19.942302
100.000000
14.540867
15.125402
20.487984
18.335509
100.000000
19.100693
20.509848
16.690123
100.000000
16.824902
18.619082
14.540848
15.904509
18.967528
18.331622
18.191778
18.614975

21.327333
20.114687
21.322280
22.360203
20.702685
22.487704
19.037891
21.323902
22.404241
20.886914
21.788404
20.144283
20.391246
14.540850
14.596664
19.220770
16.104510
100.000000
19.757118
16.458073
15.879753
15.284796
16.859831
20.282237
14.540848
16.219387
17.603562
19.064965
18.127121
18.092409

21.327333
20.114687
21.322280
22.360203
20.702685
22.487704
19.037891
21.323902
22.203228
20.857874
21.559624
20.240540
100.000000
14.540848
14.522007
15.791938
22.274054
19.109870
19.406573
19.881817
17.002045
14.587813
100.000000
15.519259
14.540848
15.938911
19.833509
100.000000
20.608830
17.321005

21.310719
20.104692
21.319993
22.379494
20.697372
22.486035
19.046665
19.311398
100.000000
20.478661
21.441610
16.857671
100.000000
14.527623
14.522007
100.000000
18.411852
16.560049
17.169726
17.614682
19.915855
14.563111
18.680285
100.000000
14.530292
15.740366
16.045272
100.000000
100.000000
18.925366

21.310951
20.104728
21.320148
22.379031
20.697458
22.486096
19.026781
21.336035
100.000000
21.115632
20.094411
21.062552
100.000000
14.522660
14.522007
15.668536
100.000000
100.000000
18.987115
100.000000
15.896931
14.511044
18.555903
18.943124
14.519241
16.228318
17.395729
19.060526
100.000000
18.475403

21.301201
20.080664
21.321704
22.374763
20.673673
22.464375
19.014288
21.307794
22.646914
21.270613
21.508941
18.833020
19.544526
14.508626
14.521928
14.810245
20.685347
100.000000
100.000000
18.646818
100.000000
14.511044
19.389526
17.064535
14.514709
100.000000
17.243032
17.269429
18.560472
18.116957

21.299570
20.075609
21.322061
22.375143
20.669388
22.461016
19.010689
21.305267
21.163070
20.860210
21.336664
19.986437
20.239575
14.508626
14.509816
14.532739
19.325538
100.000000
18.139345
100.000000
16.770014
14.508278
16.814540
19.120934
14.506919
15.898602
18.964343
18.318557
18.483153
18.111325

21.298051
20.070493
21.322319
22.374591
20.663802
22.457453
19.007042
21.303185
23.192920
20.989984
21.699231
19.960825
19.639079
14.507102
14.507273
14.509204
100.000000
100.000000
19.579180
100.000000
15.836468
14.506614
16.850602
20.793828
14.506919
16.213096
17.601497
19.053465
18.139041
18.023511

21.297789
20.069555
21.322412
22.374525
20.662959
22.457772
19.006569
21.302811
22.396141
20.685208
21.513756
20.413529
20.033804
14.506654
14.506681
14.506704
100.000000
100.000000
20.302683
100.000000
15.743730
14.506614
16.933596
19.967338
14.506485
16.188710
17.493781
18.996597
18.189656
18.091382

21.298176
20.069402
21.322489
22.374506
20.662710
22.457392
19.006393
21.363245
22.127530
20.860712
21.313509
19.852445
19.916649
14.506537
14.506511
14.506461
100.000000
100.000000
19.620292
100.000000
15.738668
14.506445
16.946970
20.034674
14.506485
16.191461
17.485359
19.000388
18.125424
18.224916

21.298172
20.069270
21.322450
22.375216
20.662616
22.457334
19.006339
21.301029
22.533078
20.827594
21.314668
20.460948
19.906828
14.506480
14.506436
14.506471
100.000000
16.111365
20.632593
100.000000
15.738390
14.506445
16.948850
19.967411
14.506437
16.191113
17.485141
19.000207
18.146411
18.527842

21.298154
20.069239
21.322453
22.375217
20.662591
22.457222
19.006308
21.302710
22.067455
19.458073
100.000000
20.289461
19.797083
14.506440
14.506436
14.506508
100.000000
100.000000
100.000000
100.000000
100.000000
14.506438
19.988815
17.058214
14.506437
100.000000
17.248287
17.146959
18.102927
100.000000

21.298154
20.069240
21.322454
22.375217
20.662591
22.457222
19.006309
21.302588
22.400284
18.798945
100.000000
20.046120
20.259054
14.506440
14.506436
14.506459
16.374178
100.000000
19.488188
21.029423
100.000000
14.506437
16.312094
16.583990
14.506437
15.617731
20.439960
19.361251
100.000000
19.128429

21.298154
20.069240
21.322454
22.375217
20.662591
22.457222
19.006309
21.302588
22.253556
20.636354
100.000000
100.000000
19.506480
14.506436
14.506436
14.506450
22.274569
19.157616
100.000000
20.421895
100.000000
14.506437
100.000000
17.180575
14.506437
100.000000
17.459253
16.522083
18.450255
100.000000

21.298153
20.069237
21.322453
22.375217
20.662589
22.457220
19.006307
21.302588
22.401945
20.897008
100.000000
100.000000
20.698842
14.506436
14.506436
14.506437
20.372862
100.000000
18.223937
20.344984
16.804662
14.506436
14.604234
19.089116
14.506436
15.622058
18.479005
18.451018
18.389261
100.000000

21.298153
20.069237
21.322453
22.375216
20.662588
22.457220
19.006307
21.302587
22.327155
19.160969
100.000000
19.847985
20.416984
14.506436
14.506436
14.506436
22.331128
100.000000
16.689949
16.169016
18.409940
14.506436
14.511628
21.474696
14.506436
100.000000
16.497478
20.060829
100.000000
19.135135

21.298153
20.069236
21.322453
22.375216
20.662588
22.457220
19.006307
21.302587
22.381599
18.988518
100.000000
19.185339
20.299401
14.506436
14.506436
14.506436
21.296613
100.000000
18.515822
100.000000
16.543633
14.506436
14.507434
20.422239
14.506436
15.629207
18.713652
18.893114
100.000000
18.440326

21.298153
20.069236
21.322453
22.375216
20.662588
22.457219
19.006306
21.302587
22.351467
19.998448
19.717202
20.480620
20.109592
14.506436
14.506436
14.506436
15.676778
100.000000
17.036754
20.636686
19.507015
14.506436
14.506507
16.649341
14.506436
14.797538
19.039375
20.096737
100.000000
17.997795

21.298153
20.069236
21.322453
22.375216
20.662588
22.457219
19.006306
21.302587
22.372096
20.354046
20.004378
19.056228
18.770511
14.506436
14.506436
14.506436
15.643488
100.000000
16.482027
16.231107
100.000000
14.506436
14.506486
100.000000
14.506436
14.539497
17.220710
18.159676
100.000000
19.633174

21.298153
20.069236
21.322453
22.375216
20.662588
22.457219
19.006306
21.302587
22.359427
21.071148
20.559073
20.629741
20.355981
14.506436
14.506436
14.506436
100.000000
100.000000
17.730120
100.000000
15.738367
14.506436
14.506430
17.884945
14.506436
14.533138
18.563170
19.051323
100.000000
19.828759

21.298208
20.069317
21.322446
22.375239
20.662570
22.457375
19.006370
21.302559
22.368208
20.970587
20.451636
19.470077
20.144655
14.506412
14.506412
14.506412
17.964327
100.000000
19.357849
100.000000
15.736333
14.506466
14.506430
20.976360
14.506467
14.527314
17.614313
18.996957
18.663399
19.891549

21.298190
20.069316
21.513752
22.375257
20.662566
22.457360
19.006365
21.302564
22.202469
21.021481
19.538848
100.000000
20.154957
14.506412
14.506412
14.506412
100.000000
100.000000
100.000000
100.000000
100.000000
14.506412
14.506412
17.042244
14.506438
14.499289
17.312604
17.148060
18.165509
100.000000

21.288954
20.060760
21.333114
22.364904
20.660154
22.457192
18.997333
21.303027
22.250946
20.646578
19.271382
100.000000
20.096459
14.497846
14.506348
14.500856
15.571066
100.000000
15.874472
20.438937
100.000000
14.499851
14.497796
17.667242
14.502278
14.499289
17.602523
16.767250
18.103458
17.762870

21.287215
20.058971
21.320721
22.362593
20.660149
22.457649
18.995550
21.303398
22.084857
20.861461
22.681978
19.834612
20.061211
14.497782
14.506287
14.498519
100.000000
17.117477
100.000000
17.989666
20.091696
14.496671
14.497796
16.116914
14.501336
14.498831
19.448613
17.243396
18.987774
100.000000

21.286199
20.057665
21.320466
22.361415
20.659628
22.458505
19.001320
21.303670
22.378930
20.615392
20.067425
18.491623
20.810801
14.496831
14.494687
14.496297
15.480978
100.000000
100.000000
19.794161
100.000000
14.496671
14.496506
17.185059
14.499030
14.495929
16.432096
16.723239
18.044943
100.000000

21.284201
20.054596
21.320000
22.358230
20.659356
22.456590
18.987081
21.304083
22.249848
20.902415
21.431150
20.202806
19.620502
14.494904
14.494687
14.494839
100.000000
100.000000
100.000000
17.115176
15.681042
14.494279
14.495138
18.581031
14.493236
14.495693
19.151344
18.253653
18.203163
100.000000

